Paciente1
1;0;8;1,1;0;9;1,1;4;6;8,1;4;7;20,1;4;8;22,1;4;9;9,1;5;7;1,1;5;8;2,2;0;6;4,2;0;7;15,2;0;8;19,2;0;9;15,2;4;5;45,2;4;6;135,2;4;7;51,2;4;8;30,2;4;9;13,2;4;10;3,2;5;5;21,2;5;6;20,2;5;7;19,2;5;8;8,2;5;9;2,3;0;8;2,3;0;9;1,3;4;6;3,3;4;7;8,3;4;8;11,3;4;9;5,
Paciente2
0;0;8;3,0;0;9;8,0;4;6;3,0;4;7;18,0;4;8;11,0;4;9;12,0;5;6;7,0;5;7;16,0;5;8;5,0;5;9;19,1;0;6;2,1;0;7;9,1;0;8;14,1;0;9;13,1;4;5;3,1;4;6;98,1;4;7;19,1;4;8;21,1;4;9;6,1;4;10;3,1;5;5;5,1;5;6;36,1;5;7;8,
Paciente3
1;0;5;7,1;0;6;12,1;0;7;23,1;0;8;23,1;0;9;3,1;4;5;65,1;4;6;63,1;4;7;39,1;4;8;27,1;4;9;3,2;0;5;5,2;0;6;9,2;4;5;34,2;4;6;27,2;4;7;15,2;4;8;20,2;4;9;7,2;4;10;1,
Paciente4
1;4;7;3,1;4;8;17,1;4;9;12,1;5;7;5,1;5;8;7,1;5;9;6,2;0;9;9,2;4;5;1,2;4;6;43,2;4;7;37,2;4;8;33,2;4;9;6,2;5;6;32,2;5;7;38,2;5;8;24,2;5;9;12,3;0;9;2,3;4;6;4,3;4;7;8,3;4;8;9,3;4;9;2,3;4;10;4,3;5;6;2,3;5;7;5,3;5;8;5,3;5;9;4,
Paciente5
0;4;8;6,0;5;8;3,1;0;9;8,1;0;10;2,1;4;5;3,1;4;6;32,1;4;7;41,1;4;8;18,1;4;9;10,1;5;6;33,1;5;7;21,1;5;8;14,1;5;9;18,2;4;5;1,2;4;6;18,2;4;7;2,2;4;8;3,2;4;9;14,2;5;6;6,2;5;9;7,2;5;10;1,
Paciente6
1;0;7;3,1;0;8;7,1;4;5;16,1;4;6;6,1;4;7;5,1;4;8;7,1;5;4;1,1;5;5;11,1;5;6;9,1;5;7;7,1;6;7;5,2;0;4;1,2;0;5;8,2;0;6;3,2;0;7;9,2;0;8;4,2;1;8;6,2;4;4;37,2;4;5;13,2;4;6;10,2;4;7;6,2;5;4;29,2;5;5;27,2;5;6;9,2;5;7;8,2;5;8;10,2;5;9;9,2;5;10;1,2;6;5;3,2;6;6;6,2;6;7;2,2;7;7;2,3;0;5;3,3;0;6;4,3;0;7;1,3;1;7;4,3;1;8;1,3;2;6;1,3;2;8;2,3;3;7;1,3;3;8;1,3;4;4;9,3;4;5;9,3;4;6;1,3;5;4;16,3;5;5;6,3;5;6;3,3;6;5;3,3;6;6;2,3;7;6;2,3;7;7;1,
Paciente7
1;0;9;5,1;4;5;3,1;4;6;41,1;4;7;15,1;4;8;16,1;4;9;12,1;5;5;4,1;5;6;17,1;5;7;11,1;5;8;7,1;5;9;3,2;0;7;1,2;0;8;5,2;0;9;8,2;4;5;32,2;4;6;65,2;4;7;45,2;4;8;8,2;4;9;21,2;4;10;1,2;5;5;25,2;5;6;28,2;5;7;28,2;5;8;16,2;5;9;7,2;5;10;1,
Paciente8
1;0;7;3,1;0;8;7,1;0;9;6,1;0;10;3,1;4;6;14,1;4;7;21,1;4;8;11,1;4;9;6,1;4;10;3,1;5;7;1,1;5;8;2,1;5;9;5,2;0;5;2,2;0;6;25,2;0;7;15,2;0;8;13,2;0;9;12,2;4;5;2,2;4;6;88,2;4;7;32,2;4;8;21,2;4;9;12,2;5;6;19,2;5;7;11,2;5;8;6,2;5;9;2,3;0;6;1,3;0;7;4,3;0;8;7,3;0;9;4,3;4;6;16,3;4;7;11,3;4;8;7,3;5;6;1,3;5;7;3,3;5;8;4,
Paciente9
1;0;6;27,1;0;7;15,1;0;8;4,1;0;9;18,1;1;9;3,1;1;10;1,1;4;6;33,1;4;7;19,1;4;8;16,1;4;9;1,2;0;5;8,2;0;6;26,2;0;7;37,2;0;8;11,2;0;9;5,2;1;9;1,2;1;10;3,2;4;5;4,2;4;6;30,2;4;7;22,2;4;8;17,2;4;9;12,
Paciente10
1;4;9;2,1;4;10;3,2;4;6;61,2;4;7;39,2;4;8;34,2;4;9;19,2;4;10;1,2;5;6;27,2;5;7;40,2;5;8;19,2;5;9;6,3;4;7;7,3;4;9;9,3;5;7;3,3;5;8;5,
Paciente11
1;0;6;6,1;0;7;2,1;0;8;9,1;0;9;11,1;4;5;1,1;4;6;34,1;4;7;15,1;4;8;12,1;4;9;10,1;5;6;1,1;5;7;5,1;5;8;3,1;5;9;7,2;0;6;21,2;0;7;7,2;0;8;18,2;0;9;9,2;4;5;20,2;4;6;52,2;4;7;28,2;4;8;26,2;4;9;11,2;4;10;4,2;5;6;3,2;5;7;7,2;5;8;4,2;5;9;5,3;0;8;4,3;0;9;4,3;4;7;1,3;4;8;8,3;4;9;3,
Paciente12
1;0;6;9,1;0;7;14,1;0;8;16,1;4;4;9,1;4;5;93,1;4;6;52,1;4;7;19,1;4;8;24,1;5;8;3,2;0;6;3,2;0;7;4,2;0;8;4,2;4;4;9,2;4;5;46,2;4;6;22,2;4;7;24,2;4;8;11,2;4;9;10,2;4;10;3,
Paciente13
0;4;9;7,0;5;9;2,1;0;5;2,1;0;6;6,1;0;7;21,1;0;8;13,1;0;9;1,1;4;5;29,1;4;6;33,1;4;7;18,1;4;8;2,1;4;9;1,1;5;5;9,1;5;6;8,1;5;7;6,1;5;8;7,1;5;9;3,2;0;5;13,2;0;6;29,2;0;7;11,2;0;8;6,2;1;8;3,2;4;5;37,2;4;6;49,2;4;7;28,2;4;8;15,2;4;9;17,2;4;10;1,2;5;5;27,2;5;6;6,2;5;7;3,2;5;8;3,3;0;6;2,3;0;7;4,3;0;9;3,3;1;9;3,3;4;5;2,3;4;6;5,3;4;7;4,3;5;7;1,3;5;8;3,3;5;9;1,
Paciente14
1;4;6;9,1;4;7;32,1;4;8;22,1;4;9;11,1;5;6;4,1;5;7;10,1;5;9;5,2;0;9;11,2;4;5;19,2;4;6;94,2;4;7;55,2;4;8;44,2;4;9;21,2;4;10;4,2;5;6;60,2;5;7;17,2;5;8;7,2;5;9;6,
Paciente15
1;0;9;10,1;4;6;18,1;4;7;26,1;4;8;5,1;4;9;22,1;5;7;15,1;5;8;6,1;5;9;17,2;0;9;10,2;0;10;4,2;4;6;5,2;4;7;56,2;4;8;24,2;4;9;11,2;4;10;1,2;5;7;29,2;5;8;11,2;5;9;10,3;4;9;2,3;4;10;1,
Paciente16
1;0;7;3,1;0;8;6,1;0;9;9,1;4;6;19,1;4;7;14,1;4;8;6,1;4;9;12,2;0;5;16,2;0;6;17,2;0;7;17,2;0;8;1,2;0;9;13,2;4;5;39,2;4;6;67,2;4;7;36,2;4;8;18,2;4;9;18,2;4;10;2,3;0;9;3,3;4;7;1,3;4;8;1,
Paciente17
1;0;9;6,1;4;6;29,1;4;7;83,1;4;8;19,1;4;9;33,1;4;10;4,1;5;6;10,1;5;7;16,1;5;8;8,1;5;9;6,2;4;6;30,2;4;7;47,2;4;8;44,2;4;9;23,2;5;6;1,2;5;7;3,2;5;8;1,
Paciente18
0;0;9;1,0;1;9;1,0;4;7;1,0;4;8;6,0;4;9;7,0;4;10;3,0;5;7;6,0;5;8;3,0;5;9;6,1;0;6;5,1;0;7;10,1;0;8;12,1;0;9;4,1;1;8;1,1;1;9;1,1;4;5;13,1;4;6;38,1;4;7;10,1;4;8;4,1;4;9;1,1;5;5;18,1;5;6;9,1;5;7;4,2;0;6;23,2;0;7;7,2;0;8;7,2;1;8;2,2;4;5;7,2;4;6;35,2;4;7;15,2;4;8;11,2;4;9;3,2;5;5;6,2;5;6;5,2;5;7;6,2;5;8;4,2;5;9;4,
Paciente19
1;0;8;1,1;4;5;18,1;4;6;21,1;4;7;16,1;4;8;18,1;5;6;29,1;5;7;13,1;5;8;8,2;0;8;10,2;4;5;56,2;4;6;32,2;4;7;23,2;4;8;15,2;4;9;9,2;4;10;2,2;5;5;18,2;5;6;35,2;5;7;10,2;5;8;1,2;5;9;1,
Paciente20
0;0;9;1,0;4;8;4,0;4;9;14,0;5;8;3,0;5;9;7,1;0;6;15,1;0;7;15,1;0;8;23,1;0;9;25,1;4;5;17,1;4;6;62,1;4;7;27,1;4;8;17,1;5;5;3,1;5;6;7,1;5;7;9,2;0;6;10,2;0;7;5,2;4;6;36,2;4;7;17,2;4;8;17,2;4;9;7,2;4;10;2,
Paciente21
0;4;8;1,0;4;9;9,1;0;7;11,1;0;8;14,1;0;9;7,1;4;5;26,1;4;6;107,1;4;7;34,1;4;8;25,1;4;9;5,1;5;5;11,1;5;6;9,1;5;7;12,1;5;8;14,1;5;9;1,2;4;5;20,2;4;6;26,2;4;7;21,2;4;8;5,2;4;9;22,2;4;10;3,
Paciente22
1;0;6;7,1;0;7;15,1;0;8;14,1;0;9;7,1;4;5;15,1;4;6;83,1;4;7;56,1;4;8;23,1;4;9;19,1;5;6;13,1;5;7;9,1;5;8;4,1;5;9;14,2;0;6;3,2;0;7;4,2;0;8;5,2;0;9;5,2;4;5;13,2;4;6;71,2;4;7;28,2;4;8;26,2;4;9;18,2;4;10;4,2;5;6;1,2;5;7;1,2;5;8;2,2;5;9;1,
Paciente23
1;4;8;3,1;4;9;6,1;5;9;2,2;0;6;1,2;0;7;9,2;0;8;12,2;0;9;4,2;4;5;7,2;4;6;66,2;4;7;26,2;4;8;20,2;4;9;2,2;5;5;22,2;5;6;27,2;5;7;20,2;5;8;8,2;5;9;12,2;5;10;1,3;0;6;4,3;0;7;6,3;0;9;8,3;4;5;10,3;4;6;31,3;4;7;8,3;4;8;1,3;4;9;5,3;5;5;10,3;5;6;15,3;5;7;6,3;5;8;4,3;5;9;6,3;5;10;1,3;6;9;4,
Paciente24
1;0;8;2,1;0;9;6,1;4;5;2,1;4;6;10,1;4;7;18,1;4;8;17,1;4;9;19,1;5;6;11,1;5;7;15,1;5;8;11,1;5;9;12,2;0;7;7,2;0;8;11,2;0;9;9,2;4;5;11,2;4;6;59,2;4;7;42,2;4;8;16,2;4;9;15,2;5;5;8,2;5;6;54,2;5;7;31,2;5;8;26,2;5;9;14,2;5;10;4,3;0;9;2,3;4;5;2,3;4;6;7,3;4;7;4,3;4;8;5,3;4;9;2,3;5;6;4,3;5;7;3,3;5;8;2,3;5;9;3,
Paciente25
1;4;6;28,1;4;7;54,1;4;8;48,1;4;9;33,1;4;10;2,1;5;6;17,1;5;7;117,1;5;8;37,1;5;9;35,1;5;10;4,2;4;6;19,2;4;7;11,2;4;8;7,2;4;9;3,2;5;6;27,2;5;7;34,2;5;8;5,2;5;9;14,
Paciente26
1;4;6;30,1;4;7;15,1;4;8;13,1;4;9;19,1;4;10;3,1;5;6;28,1;5;7;21,1;5;8;12,1;5;9;2,2;4;6;57,2;4;7;34,2;4;8;20,2;4;9;13,2;5;6;37,2;5;7;41,2;5;8;30,2;5;9;10,
Paciente27
1;0;10;2,1;4;8;6,1;4;9;9,1;4;10;1,2;0;6;10,2;0;7;11,2;0;8;18,2;0;9;13,2;0;10;2,2;4;5;2,2;4;6;65,2;4;7;56,2;4;8;21,2;4;9;19,2;5;9;4,3;0;6;1,3;0;7;5,3;0;8;5,3;0;9;6,3;0;10;3,3;4;6;20,3;4;7;9,3;4;8;6,3;4;9;5,
Paciente28
1;0;8;3,1;0;9;8,1;4;6;3,1;4;7;20,1;4;8;15,1;4;9;13,1;5;7;1,1;5;8;4,1;5;9;6,2;0;6;14,2;0;7;23,2;0;8;17,2;0;9;9,2;0;10;1,2;1;10;7,2;4;6;31,2;4;7;38,2;4;8;18,2;4;9;16,2;5;6;23,2;5;7;8,2;5;8;5,3;0;7;11,3;0;8;5,3;0;9;2,3;1;9;1,3;4;6;13,3;4;7;14,3;4;8;2,
Paciente29
1;0;5;2,1;0;6;9,1;0;7;10,1;0;8;15,1;0;9;23,1;4;5;10,1;4;6;55,1;4;7;26,1;4;8;14,1;4;9;15,2;0;5;6,2;0;6;23,2;0;7;9,2;0;8;7,2;4;5;22,2;4;6;35,2;4;7;31,2;4;8;24,2;4;9;13,2;4;10;4,
Paciente30
0;0;8;1,0;0;9;2,0;4;8;10,0;4;9;1,1;0;5;13,1;0;6;13,1;0;7;20,1;0;8;18,1;0;9;11,1;1;7;2,1;1;8;14,1;4;5;23,1;4;6;29,1;4;7;17,1;4;8;1,2;0;5;4,2;0;6;59,2;0;7;11,2;1;7;7,2;4;5;13,2;4;6;14,2;4;7;23,2;4;8;12,2;4;9;13,2;4;10;2,
Paciente31
0;4;8;1,0;4;9;2,0;5;8;5,1;4;5;23,1;4;6;40,1;4;7;25,1;4;8;22,1;4;9;10,1;5;5;21,1;5;6;67,1;5;7;45,1;5;8;25,1;5;9;8,2;5;9;3,2;5;10;2,
Paciente32
0;4;9;3,0;5;8;5,1;4;5;7,1;4;6;51,1;4;7;28,1;4;8;22,1;4;9;12,1;5;5;10,1;5;6;61,1;5;7;59,1;5;8;17,1;5;9;18,2;5;9;2,2;5;10;2,
Paciente33
0;4;9;5,0;5;9;4,1;0;9;7,1;4;6;23,1;4;7;48,1;4;8;25,1;4;9;8,1;5;6;39,1;5;7;37,1;5;8;11,1;5;9;16,2;4;6;27,2;4;7;17,2;4;8;14,2;4;9;8,2;5;6;14,2;5;7;15,2;5;8;14,2;5;9;11,2;5;10;2,
Paciente34
1;0;6;16,1;0;7;15,1;0;8;23,1;0;9;47,1;0;10;8,1;4;6;109,1;4;7;73,1;4;8;50,1;4;9;30,2;0;6;7,2;0;7;2,2;0;8;5,2;4;5;5,2;4;6;45,2;4;7;25,2;4;8;13,2;4;9;18,
Paciente35
1;0;7;4,1;0;8;6,1;4;6;9,1;4;7;9,1;4;8;6,1;4;9;4,2;0;4;2,2;0;5;25,2;0;6;17,2;0;7;12,2;0;8;11,2;4;4;12,2;4;5;70,2;4;6;35,2;4;7;7,2;4;8;23,2;4;9;6,2;4;10;2,
Paciente36
1;0;7;1,1;0;8;4,1;0;9;8,1;4;6;24,1;4;7;14,1;4;8;15,1;4;9;12,1;5;6;2,1;5;7;3,1;5;9;5,2;0;6;9,2;0;7;15,2;0;8;14,2;0;9;12,2;0;10;1,2;4;5;41,2;4;6;69,2;4;7;12,2;4;8;19,2;4;9;19,2;5;5;11,2;5;6;7,2;5;7;4,2;5;8;2,2;5;9;5,3;0;8;3,3;0;10;5,3;4;6;2,3;4;7;3,3;4;8;5,3;4;9;4,
Paciente37
0;4;9;7,0;4;10;1,0;5;10;2,1;0;6;2,1;0;7;8,1;0;8;10,1;0;9;14,1;4;5;11,1;4;6;98,1;4;7;40,1;4;8;24,1;4;9;6,1;5;5;19,1;5;6;14,1;5;7;10,1;5;8;6,1;5;9;9,1;5;10;1,2;0;6;2,2;0;7;2,2;0;8;7,2;0;9;5,2;4;5;12,2;4;6;72,2;4;7;44,2;4;8;30,2;4;9;10,
Paciente38
1;0;6;2,1;0;7;6,1;0;8;10,1;0;9;13,1;4;6;19,1;4;7;23,1;4;8;13,1;4;9;12,2;0;5;2,2;0;6;28,2;0;7;17,2;0;8;16,2;0;9;17,2;0;10;2,2;4;5;5,2;4;6;45,2;4;7;60,2;4;8;8,2;4;9;21,
Paciente39
1;0;9;4,1;4;7;8,1;4;8;6,1;4;9;4,2;0;5;16,2;0;6;16,2;0;7;15,2;0;8;2,2;0;9;12,2;1;9;2,2;4;5;15,2;4;6;74,2;4;7;31,2;4;8;20,2;4;9;14,2;5;5;13,2;5;6;16,2;5;7;4,2;5;8;11,3;0;5;4,3;0;6;8,3;0;7;8,3;0;8;3,3;0;9;4,3;1;9;15,3;4;5;25,3;4;6;19,3;4;7;2,3;4;8;1,3;4;9;2,3;4;10;3,3;5;5;8,3;5;6;5,3;5;8;7,3;5;9;5,3;6;9;5,
Paciente40
0;4;7;1,0;4;8;6,0;4;9;10,0;5;7;9,0;5;8;16,0;5;9;10,1;4;6;30,1;4;7;23,1;4;8;17,1;4;9;9,1;4;10;6,1;5;6;20,1;5;7;51,1;5;8;18,1;5;9;4,
Paciente41
1;0;7;2,1;0;8;7,1;0;9;14,1;0;10;2,1;1;9;1,1;4;6;8,1;4;7;17,1;4;9;14,1;4;10;3,1;5;7;16,1;5;8;5,1;5;9;10,1;6;9;6,2;0;6;8,2;0;7;7,2;0;8;15,2;1;8;3,2;1;9;6,2;2;9;2,2;3;9;1,2;4;6;9,2;4;7;19,2;4;8;16,2;4;9;3,2;5;6;3,2;5;7;29,2;5;8;4,2;5;9;7,2;6;7;3,2;7;9;2,3;0;6;1,3;0;7;2,3;0;8;5,3;1;8;4,3;4;6;1,3;4;7;13,3;4;8;1,3;5;7;8,3;5;8;1,3;6;7;1,3;6;8;1,
Paciente42
2;0;8;2,2;0;9;9,2;4;5;22,2;4;6;72,2;4;7;32,2;4;8;31,2;4;9;19,2;5;5;17,2;5;6;47,2;5;7;15,2;5;8;19,2;5;9;13,2;5;10;1,3;0;8;1,3;4;5;7,3;4;6;7,3;4;7;22,3;4;8;4,3;5;5;1,3;5;6;6,3;5;7;6,3;5;8;7,
Paciente43
0;0;9;4,0;4;6;3,0;4;7;9,0;4;8;7,0;4;9;12,0;5;6;2,0;5;7;9,0;5;9;11,1;0;7;12,1;0;8;18,1;0;9;13,1;0;10;5,1;4;5;21,1;4;6;65,1;4;7;37,1;4;8;8,1;4;9;18,1;5;5;7,1;5;6;25,1;5;7;1,1;5;8;4,
Paciente44
1;4;7;5,1;4;8;9,1;4;9;12,1;5;8;3,1;5;9;6,2;0;7;2,2;0;8;14,2;0;9;13,2;4;6;1,2;4;7;30,2;4;8;32,2;4;9;18,2;5;7;31,2;5;8;17,2;5;9;16,2;5;10;3,3;0;8;9,3;0;9;4,3;0;10;1,3;4;7;8,3;4;8;21,3;4;9;4,3;4;10;2,3;5;7;10,3;5;8;4,3;5;9;7,
Paciente45
1;0;6;1,1;0;7;5,1;0;8;5,1;0;9;6,1;4;5;20,1;4;6;52,1;4;7;24,1;4;8;18,1;4;9;17,1;5;5;7,1;5;6;9,1;5;7;8,1;5;8;8,1;5;9;1,2;0;6;5,2;0;7;8,2;0;8;6,2;0;9;3,2;4;5;37,2;4;6;83,2;4;7;22,2;4;8;27,2;4;9;25,2;4;10;2,2;5;5;15,2;5;6;7,2;5;7;3,2;5;9;2,
Paciente46
1;0;8;1,1;0;9;4,1;4;6;3,1;4;7;36,1;4;8;20,1;4;9;19,1;4;10;1,1;5;7;16,1;5;8;13,1;5;9;7,1;5;10;5,2;0;7;9,2;0;8;13,2;0;9;11,2;4;6;61,2;4;7;61,2;4;8;32,2;4;9;18,2;5;6;58,2;5;7;33,2;5;8;19,2;5;9;11,3;0;8;1,3;0;9;1,3;4;6;3,3;4;7;11,3;4;8;12,3;4;9;4,3;5;7;4,3;5;8;3,3;5;9;1,
Paciente47
1;0;8;5,1;4;4;1,1;4;5;15,1;4;6;12,1;4;7;25,1;4;8;16,1;4;9;13,1;4;10;4,1;5;5;5,1;5;6;13,1;5;7;9,1;5;8;4,1;5;9;1,2;0;7;8,2;0;8;9,2;4;4;2,2;4;5;17,2;4;6;65,2;4;7;42,2;4;8;12,2;4;9;2,2;5;5;16,2;5;6;19,2;5;7;5,2;5;8;2,2;5;9;2,
Paciente48
1;0;8;4,1;0;9;5,1;0;10;4,1;4;6;30,1;4;7;36,1;4;8;31,1;4;9;8,1;5;7;30,1;5;8;4,2;0;8;2,2;0;9;7,2;4;6;25,2;4;7;38,2;4;8;23,2;4;9;4,2;5;7;13,
Paciente49
0;0;6;1,0;0;7;17,0;0;8;13,0;0;9;9,0;4;6;18,0;4;7;34,0;4;8;11,0;4;9;2,0;5;5;4,0;5;6;16,0;5;7;15,0;5;8;10,0;5;9;6,1;0;5;1,1;0;6;13,1;4;5;32,1;4;6;80,1;4;7;7,1;4;8;9,1;4;9;8,1;4;10;3,1;5;5;12,1;5;6;5,
Paciente50
1;0;9;3,1;4;5;6,1;4;6;17,1;4;7;16,1;4;8;17,1;4;9;12,1;4;10;4,1;5;6;10,1;5;7;9,1;5;9;8,2;0;7;6,2;0;8;13,2;0;9;2,2;4;5;7,2;4;6;93,2;4;7;40,2;4;8;22,2;4;9;6,2;5;5;16,2;5;6;36,2;5;7;15,2;5;8;10,2;5;9;9,
Paciente51
0;4;9;6,0;4;10;4,0;5;9;6,1;0;7;6,1;0;8;13,1;0;9;17,1;4;5;4,1;4;6;110,1;4;7;49,1;4;8;46,1;4;9;16,1;5;5;15,1;5;6;34,1;5;7;19,1;5;8;9,1;5;9;6,2;4;6;22,2;4;7;12,2;4;8;19,2;4;9;10,
Paciente52
1;0;9;2,1;4;6;8,1;4;7;13,1;4;8;19,1;4;9;16,1;5;9;2,2;0;7;12,2;0;8;7,2;0;9;15,2;4;5;28,2;4;6;104,2;4;7;42,2;4;8;21,2;4;9;10,2;4;10;2,2;5;5;5,2;5;6;7,2;5;7;7,2;5;8;6,3;0;9;1,3;4;8;6,3;4;9;3,
Paciente53
1;0;8;3,1;0;9;7,1;4;6;6,1;4;7;17,1;4;8;14,1;4;9;12,1;5;8;2,2;0;6;10,2;0;7;22,2;0;8;16,2;0;9;8,2;0;10;6,2;4;5;8,2;4;6;69,2;4;7;47,2;4;8;30,2;4;9;10,2;5;6;15,2;5;7;18,2;5;8;7,3;0;7;3,3;0;8;3,3;0;9;5,3;4;6;13,3;4;7;10,3;4;8;6,3;4;9;2,
Paciente54
1;0;8;2,1;4;6;6,1;4;7;23,1;4;8;10,1;5;7;8,2;0;6;16,2;0;7;12,2;0;8;4,2;0;9;9,2;4;5;10,2;4;6;75,2;4;7;26,2;4;8;12,2;5;5;12,2;5;6;44,2;5;7;20,2;5;8;3,3;0;7;3,3;0;8;5,3;0;9;4,3;0;10;3,3;4;5;5,3;4;6;11,3;4;7;11,3;4;8;1,3;4;9;2,3;5;5;1,3;5;6;5,3;5;7;4,3;5;8;3,3;5;9;4,
Paciente55
0;4;8;10,0;4;9;1,0;5;8;8,0;5;9;1,1;0;5;4,1;0;6;9,1;0;7;7,1;0;8;24,1;0;9;1,1;4;4;4,1;4;5;28,1;4;6;47,1;4;7;20,1;4;8;8,1;4;9;1,2;0;5;8,2;0;6;3,2;0;7;9,2;0;9;7,2;0;10;2,2;4;4;1,2;4;5;22,2;4;6;7,2;4;7;18,2;4;8;9,2;5;7;1,
Paciente56
0;0;9;1,0;4;8;2,0;4;9;6,0;5;8;6,0;5;9;5,0;6;9;4,1;0;6;1,1;0;7;6,1;0;9;6,1;1;9;3,1;4;6;18,1;4;7;6,1;4;8;1,1;5;5;2,1;5;6;26,1;5;7;6,1;5;8;1,1;6;5;4,1;6;6;7,1;6;8;9,1;6;9;4,1;7;8;2,1;7;9;7,1;7;10;1,2;0;6;3,2;0;7;3,2;0;8;1,2;1;8;3,2;1;9;2,2;2;9;3,2;3;8;2,2;3;9;1,2;3;10;4,2;4;6;25,2;4;7;6,2;5;5;1,2;5;6;10,2;5;7;2,2;5;8;20,2;5;9;16,2;6;5;11,2;6;6;7,2;7;7;3,2;7;8;5,3;0;7;2,3;1;7;1,3;2;8;2,3;3;7;1,3;3;8;1,3;4;6;6,3;5;6;9,3;5;8;3,3;6;5;1,3;6;6;2,3;7;7;3,
Paciente57
0;0;9;3,0;0;10;1,0;4;7;1,0;4;8;11,0;4;9;14,0;4;10;3,0;5;7;3,0;5;8;4,0;5;9;5,1;0;6;26,1;0;7;23,1;0;8;23,1;0;9;24,1;4;6;85,1;4;7;42,1;4;8;18,1;5;6;5,1;5;7;4,2;4;6;16,2;4;7;9,2;4;8;4,2;4;9;2,
Paciente58
1;0;7;1,1;0;8;5,1;0;9;10,1;4;5;3,1;4;6;25,1;4;7;16,1;4;8;15,1;4;9;13,1;5;6;17,1;5;7;11,1;5;8;11,1;5;9;6,2;0;6;11,2;0;7;16,2;0;8;13,2;0;9;6,2;4;5;16,2;4;6;61,2;4;7;19,2;4;8;19,2;4;9;8,2;4;10;1,2;5;5;5,2;5;6;65,2;5;7;21,2;5;8;13,2;5;9;2,2;5;10;1,3;0;7;4,3;0;8;3,3;4;6;19,3;4;7;8,3;4;8;2,3;5;6;4,3;5;7;5,3;5;8;1,
Paciente59
0;4;9;8,0;4;10;2,0;5;9;3,1;0;6;1,1;0;7;8,1;0;8;13,1;0;9;20,1;4;6;50,1;4;7;53,1;4;8;24,1;4;9;6,1;4;10;3,1;5;6;12,1;5;7;4,1;5;8;3,1;5;9;4,2;0;6;1,2;0;7;5,2;0;8;7,2;0;9;3,2;4;6;27,2;4;7;30,2;4;8;18,2;4;9;12,
Paciente60
1;4;6;46,1;4;7;38,1;4;8;39,1;4;9;10,1;5;6;28,1;5;7;23,1;5;8;21,1;5;9;15,2;4;6;72,2;4;7;46,2;4;8;29,2;4;9;34,2;5;6;52,2;5;7;26,2;5;8;19,2;5;9;10,2;5;10;3,
Paciente61
1;4;6;5,1;4;7;22,1;4;8;8,1;4;9;6,1;5;6;3,1;5;7;8,1;5;8;8,2;4;5;8,2;4;6;54,2;4;7;31,2;4;9;16,2;4;10;3,2;5;6;36,2;5;7;18,2;5;8;9,
Paciente62
0;4;8;5,0;4;9;11,0;5;8;6,0;5;9;15,0;5;10;2,1;0;7;7,1;0;8;15,1;0;9;19,1;4;5;1,1;4;6;74,1;4;7;38,1;4;8;17,1;4;9;8,1;5;5;8,1;5;6;51,1;5;7;35,1;5;8;26,1;5;9;8,2;4;6;37,2;4;7;14,2;4;8;11,2;4;9;14,2;5;5;3,2;5;6;9,2;5;7;5,2;5;8;4,2;5;9;2,
Paciente63
1;4;9;4,2;0;7;24,2;0;8;1,2;4;3;8,2;4;4;4,2;4;5;14,2;4;6;20,2;4;7;25,2;4;8;39,2;4;9;10,2;5;3;1,2;5;4;2,2;5;6;15,2;5;7;20,2;5;8;1,2;5;9;10,2;6;9;2,3;0;7;11,3;0;8;13,3;0;9;5,3;4;3;7,3;4;4;6,3;4;5;4,3;4;6;14,3;4;7;12,3;4;8;10,3;4;9;7,3;5;6;8,3;5;7;20,3;5;8;4,3;6;9;4,3;6;10;5,
Paciente64
1;0;8;4,1;0;9;8,1;4;6;28,1;4;7;11,1;4;8;21,1;4;9;13,1;5;5;2,1;5;6;34,1;5;7;17,1;5;8;6,1;5;9;12,1;6;9;6,2;0;8;7,2;0;9;8,2;4;5;8,2;4;6;58,2;4;7;15,2;4;8;4,2;4;9;4,2;5;5;7,2;5;6;45,2;5;7;18,2;5;8;17,2;5;9;13,2;6;8;3,2;6;9;4,2;6;10;1,3;0;9;1,3;4;8;3,3;4;9;1,3;4;10;1,3;5;8;1,3;5;10;1,3;6;10;1,
Paciente65
0;4;9;10,0;5;9;3,1;0;6;16,1;0;7;28,1;0;8;18,1;0;9;12,1;4;5;13,1;4;6;82,1;4;7;29,1;4;8;15,1;4;9;5,1;5;5;7,1;5;6;9,1;5;7;3,1;5;8;15,1;5;9;14,2;0;5;2,2;0;6;17,2;0;7;10,2;0;8;8,2;4;5;21,2;4;6;49,2;4;7;28,2;4;8;30,2;4;9;14,2;4;10;3,
Paciente66
0;4;8;1,0;4;9;2,1;0;5;7,1;0;6;6,1;0;7;11,1;0;8;19,1;0;9;14,1;0;10;2,1;4;4;2,1;4;5;68,1;4;6;38,1;4;7;31,1;4;8;18,1;4;9;4,1;4;10;2,2;0;5;2,2;0;6;5,2;0;7;4,2;4;5;36,2;4;6;23,2;4;7;19,2;4;8;11,2;4;9;18,
Paciente67
1;0;6;2,1;0;7;8,1;0;8;11,1;0;9;7,1;4;5;20,1;4;6;29,1;4;7;16,1;4;8;13,1;4;9;12,1;5;5;4,1;5;6;5,1;5;7;7,1;5;8;6,1;5;9;3,2;0;5;11,2;0;6;22,2;0;7;15,2;0;8;14,2;4;5;55,2;4;6;64,2;4;7;28,2;4;8;19,2;4;9;15,2;4;10;3,2;5;5;16,2;5;6;5,
Paciente68
0;0;8;1,0;0;9;12,0;1;8;2,0;1;9;5,0;2;8;1,0;2;9;2,0;3;9;2,0;3;10;1,0;4;7;6,0;4;8;8,0;4;9;7,0;4;10;3,0;5;7;7,0;5;8;8,0;5;9;7,0;5;10;3,0;6;8;3,0;6;9;9,0;7;8;3,0;7;9;3,0;7;10;2,1;0;6;11,1;0;7;16,1;0;8;12,1;1;8;2,1;4;6;37,1;4;7;29,1;4;8;7,1;4;9;2,1;5;6;49,1;5;7;16,1;5;8;7,1;5;9;2,1;6;6;2,1;6;7;11,1;6;8;8,2;4;6;11,2;4;7;17,2;4;8;11,2;4;9;9,2;5;6;10,2;5;7;9,2;5;8;7,2;5;9;8,
Paciente69
1;0;10;2,1;4;8;11,1;4;9;8,1;4;10;7,2;0;6;10,2;0;8;17,2;0;9;20,2;0;10;1,2;4;5;10,2;4;6;103,2;4;7;49,2;4;8;20,2;4;9;20,2;4;10;2,3;4;9;2,
Paciente70
1;4;4;11,1;4;5;30,1;4;6;44,1;4;7;33,1;4;8;29,1;4;9;24,1;5;5;34,1;5;6;29,1;5;7;25,1;5;8;20,1;5;9;5,2;4;4;1,2;4;5;6,2;4;6;5,2;4;7;3,2;4;8;3,2;4;9;5,2;5;5;2,2;5;6;3,2;5;7;4,2;5;8;5,2;5;9;5,2;5;10;2,
Paciente71
1;0;6;3,1;0;7;7,1;0;9;10,1;4;5;9,1;4;6;13,1;4;7;12,1;4;8;5,1;4;9;6,1;5;7;2,1;5;8;4,2;0;5;27,2;0;6;16,2;0;7;11,2;0;8;2,2;0;9;4,2;1;8;4,2;4;5;44,2;4;6;36,2;4;7;15,2;4;8;14,2;4;9;9,2;4;10;2,2;5;5;7,2;5;6;4,2;5;7;1,2;5;8;4,3;0;5;1,3;0;6;3,3;0;7;3,3;0;8;3,3;4;5;12,3;4;6;5,3;4;7;3,3;4;8;2,
Paciente72
1;0;7;5,1;0;8;8,1;4;6;23,1;4;7;10,1;4;8;20,1;5;6;14,1;5;7;12,1;5;8;10,1;6;8;3,2;0;5;5,2;0;6;12,2;0;7;7,2;0;8;1,2;0;9;5,2;1;9;3,2;4;5;30,2;4;6;31,2;4;7;18,2;4;8;12,2;4;9;3,2;5;5;30,2;5;6;27,2;5;7;14,2;5;8;1,2;5;9;5,2;6;8;2,2;6;9;3,3;0;7;3,3;0;8;5,3;1;9;4,3;2;9;1,3;3;10;1,3;4;5;8,3;4;6;7,3;4;7;7,3;4;8;1,3;5;5;4,3;5;6;4,3;5;7;4,3;6;9;1,3;7;9;1,3;7;10;1,
Paciente73
0;0;8;1,0;0;9;6,0;3;9;1,0;4;8;10,0;4;9;4,0;4;10;4,0;5;7;3,0;5;8;5,0;5;9;7,0;6;8;4,0;6;9;3,0;7;9;1,1;0;5;1,1;0;6;15,1;0;7;14,1;0;8;17,1;0;9;7,1;1;9;9,1;2;9;2,1;4;6;39,1;4;7;24,1;4;8;7,1;4;9;1,1;5;5;3,1;5;6;33,1;5;7;15,1;5;8;3,2;0;6;5,2;0;7;11,2;0;8;3,2;1;8;2,2;4;6;18,2;4;7;21,2;4;8;9,2;4;9;9,2;5;6;9,2;5;7;2,2;5;8;2,
Paciente74
1;0;6;1,1;0;7;5,1;0;8;6,1;0;9;8,1;4;6;7,1;4;7;7,1;4;8;5,1;4;9;10,2;0;5;6,2;0;6;54,2;0;7;28,2;0;8;15,2;0;9;8,2;4;5;15,2;4;6;45,2;4;7;14,2;4;8;8,2;4;9;9,2;4;10;5,
Paciente75
1;0;6;12,1;0;7;20,1;0;8;17,1;0;9;8,1;4;5;3,1;4;6;10,1;4;7;3,1;4;8;3,2;0;4;2,2;0;5;56,2;0;6;60,2;0;7;23,2;0;8;2,2;1;6;1,2;1;7;10,2;1;8;6,2;4;4;10,2;4;5;29,2;4;6;16,2;4;7;15,2;4;8;13,2;4;9;7,2;4;10;1,
Paciente76
1;4;7;8,1;4;8;7,1;4;9;11,1;5;7;2,1;5;8;6,2;0;9;6,2;4;5;45,2;4;6;67,2;4;7;30,2;4;8;25,2;4;9;22,2;4;10;3,2;5;5;13,2;5;6;51,2;5;7;31,2;5;8;23,2;5;9;2,2;5;10;1,3;4;6;3,3;4;8;7,3;4;9;9,3;5;7;2,3;5;9;2,
Paciente77
0;4;8;9,0;4;9;10,0;5;8;2,0;5;9;6,1;0;7;5,1;0;8;6,1;0;9;19,1;4;5;4,1;4;6;78,1;4;7;45,1;4;8;11,1;4;9;14,1;5;6;30,1;5;7;21,1;5;8;2,1;5;9;6,2;4;5;2,2;4;6;10,2;4;7;8,2;4;8;7,2;4;9;4,2;4;10;2,
Paciente78
1;0;8;3,1;0;9;3,1;0;10;3,1;4;6;9,1;4;7;17,1;4;8;7,1;4;9;10,1;5;7;7,1;5;8;7,2;0;7;11,2;0;8;11,2;0;9;10,2;4;6;58,2;4;7;23,2;4;8;13,2;5;6;20,2;5;7;24,2;5;8;7,3;0;8;2,3;0;9;4,3;4;6;2,3;4;7;8,3;4;8;2,3;4;9;3,3;5;7;2,3;5;8;1,3;5;9;3,
Paciente79
0;0;7;9,0;0;8;13,0;2;8;3,0;3;8;1,0;4;5;3,0;4;6;11,0;4;7;14,0;4;8;3,0;5;6;7,0;5;7;7,0;6;8;1,1;0;4;5,1;0;5;42,1;0;6;25,1;0;7;12,1;0;8;1,1;1;6;8,1;1;7;16,1;1;8;15,1;2;8;1,1;4;4;17,1;4;5;66,1;4;6;22,1;4;7;4,2;0;4;6,2;0;5;31,2;0;6;2,2;1;6;1,2;4;4;5,2;4;5;16,2;4;6;17,2;4;7;19,2;4;8;16,2;4;9;10,2;4;10;2,
Paciente80
2;0;6;2,2;0;7;4,2;0;8;7,2;0;9;9,2;4;5;2,2;4;6;74,2;4;7;19,2;4;8;16,2;4;9;3,2;5;5;14,2;5;6;22,2;5;7;13,2;5;8;12,3;0;6;22,3;0;7;13,3;0;8;13,3;0;9;7,3;1;9;5,3;3;9;1,3;4;5;18,3;4;6;38,3;4;7;13,3;4;8;4,3;4;9;9,3;5;5;33,3;5;6;27,3;5;7;28,3;5;8;15,3;5;9;8,3;5;10;2,3;6;8;4,3;6;9;4,
Paciente81
0;4;9;4,0;5;9;4,1;4;5;13,1;4;6;50,1;4;7;30,1;4;8;25,1;4;9;30,1;5;6;78,1;5;7;50,1;5;8;32,1;5;9;6,2;4;6;34,2;4;7;29,2;4;8;13,2;5;6;43,2;5;7;22,2;5;8;20,2;5;9;17,2;5;10;2,
Paciente82
1;4;6;7,1;4;7;14,1;4;8;15,1;4;9;18,1;5;6;6,1;5;7;13,1;5;8;7,1;5;9;6,2;0;8;6,2;0;9;13,2;4;5;18,2;4;6;105,2;4;7;36,2;4;8;20,2;4;9;9,2;5;5;38,2;5;6;53,2;5;7;30,2;5;8;21,2;5;9;11,2;5;10;2,3;4;7;6,3;4;8;2,
Paciente83
0;4;9;8,0;5;9;7,1;0;7;5,1;0;9;15,1;4;6;65,1;4;7;47,1;4;8;25,1;4;9;14,1;5;6;48,1;5;7;26,1;5;8;11,1;5;9;13,1;5;10;2,2;4;6;25,2;4;7;15,2;4;8;9,2;4;9;9,2;5;6;5,2;5;7;1,
Paciente84
1;0;6;2,1;0;7;4,1;0;8;8,1;4;6;25,1;4;7;25,1;4;8;13,1;4;9;4,2;0;5;8,2;0;6;30,2;0;7;18,2;0;8;14,2;0;9;9,2;4;5;54,2;4;6;99,2;4;7;30,2;4;8;24,2;4;9;23,3;0;7;2,3;0;8;4,3;0;9;3,3;0;10;3,3;4;6;3,3;4;7;4,3;4;8;4,3;4;9;2,
Paciente85
1;0;8;3,1;0;9;6,1;4;6;20,1;4;7;35,1;4;8;22,1;4;9;20,1;5;8;1,1;5;9;3,2;0;6;3,2;0;7;14,2;0;8;17,2;0;9;18,2;4;5;6,2;4;6;172,2;4;7;55,2;4;8;44,2;4;9;21,2;4;10;4,2;5;6;6,2;5;7;2,2;5;8;5,2;5;9;1,
Paciente86
0;0;9;1,0;4;8;9,0;4;9;1,0;5;8;15,1;0;6;18,1;0;7;15,1;0;8;21,1;0;9;7,1;4;5;48,1;4;6;47,1;4;7;19,1;4;8;4,1;5;4;11,1;5;5;29,1;5;6;18,1;5;7;14,2;0;5;2,2;0;6;7,2;0;7;5,2;4;5;46,2;4;6;32,2;4;7;13,2;4;8;17,2;4;9;11,2;5;4;2,2;5;5;12,2;5;6;7,2;5;7;9,2;5;8;6,2;5;9;2,2;5;10;2,
Paciente87
0;4;9;2,1;0;6;4,1;0;7;9,1;0;8;27,1;0;9;9,1;4;5;15,1;4;6;55,1;4;7;21,1;4;8;20,1;4;9;7,1;4;10;5,1;5;5;8,1;5;6;17,1;5;7;10,1;5;8;9,1;5;9;11,2;0;6;15,2;0;7;9,2;0;8;7,2;4;5;3,2;4;6;64,2;4;7;42,2;4;8;27,2;4;9;17,2;5;5;8,2;5;6;8,
Paciente88
1;0;7;3,1;0;8;5,1;0;9;1,1;4;6;18,1;4;7;21,1;4;8;21,1;4;9;8,2;0;6;10,2;0;7;24,2;0;8;12,2;0;9;14,2;4;5;83,2;4;6;84,2;4;7;60,2;4;8;23,2;4;9;16,2;4;10;3,
Paciente89
1;0;8;1,1;0;9;8,1;0;10;2,1;4;7;7,1;4;8;13,1;4;9;16,1;4;10;2,1;5;9;4,2;0;6;31,2;0;7;17,2;0;8;23,2;0;9;8,2;4;5;14,2;4;6;62,2;4;7;42,2;4;8;11,2;4;9;22,2;5;5;5,2;5;6;19,2;5;7;14,2;5;8;10,2;5;9;4,3;0;6;8,3;0;7;10,3;0;8;14,3;4;6;25,3;4;7;30,3;4;8;9,3;4;9;5,3;5;6;7,3;5;7;12,3;5;8;6,
Paciente90
1;0;7;10,1;0;8;10,1;4;5;10,1;4;6;31,1;4;7;21,1;4;8;19,1;4;9;4,1;5;5;1,1;5;6;11,1;5;7;8,1;5;8;10,2;0;5;9,2;0;6;15,2;0;7;28,2;0;8;12,2;4;5;77,2;4;6;52,2;4;7;26,2;4;8;18,2;4;9;16,2;4;10;3,2;5;5;51,2;5;6;25,2;5;7;16,2;5;8;2,3;0;7;2,3;4;5;11,3;4;6;11,3;4;7;3,
Paciente91
1;4;5;7,1;4;6;12,1;4;7;12,1;4;8;12,1;4;9;15,1;5;5;12,1;5;6;39,1;5;7;14,1;5;8;9,1;5;9;9,1;6;8;5,2;4;5;28,2;4;6;36,2;4;7;17,2;4;8;8,2;4;9;1,2;5;5;30,2;5;6;52,2;5;7;39,2;5;8;13,2;5;9;15,2;5;10;1,2;6;8;5,2;6;9;1,3;4;8;2,3;4;9;4,3;5;8;3,3;5;9;3,
Paciente92
1;0;6;3,1;0;7;10,1;0;8;8,1;0;9;10,1;4;5;6,1;4;6;40,1;4;7;25,1;4;8;12,1;4;9;20,2;0;5;17,2;0;6;15,2;0;7;16,2;0;8;15,2;0;9;14,2;4;5;58,2;4;6;61,2;4;7;32,2;4;8;25,2;4;9;21,2;4;10;4,
Paciente93
1;0;7;2,1;0;8;4,1;4;6;12,1;4;7;7,2;0;5;12,2;0;6;11,2;0;7;11,2;0;8;12,2;4;4;15,2;4;5;55,2;4;6;30,2;4;7;13,2;4;8;4,2;4;9;7,2;4;10;2,2;5;5;8,2;5;6;4,2;5;7;4,3;0;6;4,3;0;8;6,3;4;5;8,3;4;6;7,3;4;7;4,3;4;8;2,3;5;6;1,3;5;7;4,
Paciente94
1;4;5;18,1;4;6;27,1;4;7;30,1;4;8;7,1;4;9;15,1;5;5;19,1;5;6;31,1;5;7;16,1;5;8;3,1;5;9;8,2;4;5;36,2;4;6;36,2;4;7;26,2;4;8;19,2;4;9;9,2;5;5;29,2;5;6;29,2;5;7;31,2;5;8;23,2;5;9;11,2;5;10;2,
Paciente95
1;0;5;2,1;0;6;6,1;0;7;6,1;0;8;9,1;0;9;11,1;4;4;3,1;4;5;61,1;4;6;37,1;4;7;23,1;4;8;24,1;4;9;10,2;0;5;2,2;0;6;3,2;0;7;5,2;0;8;6,2;4;4;1,2;4;5;62,2;4;6;42,2;4;7;36,2;4;8;22,2;4;9;13,2;4;10;3,
Paciente96
0;4;9;8,0;5;9;1,1;0;6;12,1;0;7;10,1;0;8;14,1;0;9;17,1;4;5;4,1;4;6;61,1;4;7;22,1;4;8;17,1;4;9;2,1;5;5;7,1;5;6;14,1;5;7;10,1;5;8;3,1;5;9;14,2;0;6;30,2;0;7;11,2;0;8;10,2;0;9;7,2;4;5;11,2;4;6;58,2;4;7;49,2;4;8;28,2;4;9;23,2;4;10;5,2;5;5;15,2;5;6;11,2;5;7;3,
Paciente97
1;0;9;1,1;4;6;16,1;4;7;12,1;4;8;18,1;4;9;8,1;5;6;4,1;5;7;5,1;5;8;9,2;0;7;6,2;0;8;12,2;0;9;12,2;4;5;36,2;4;6;77,2;4;7;31,2;4;8;16,2;4;9;8,2;5;5;31,2;5;6;48,2;5;7;24,2;5;8;18,2;5;9;11,3;0;9;2,3;0;10;3,3;4;5;5,3;4;6;5,3;4;7;8,3;4;8;7,3;4;9;1,3;4;10;3,3;5;6;1,3;5;7;4,3;5;8;3,3;5;9;5,
Paciente98
1;0;7;3,1;0;8;5,1;0;9;1,1;4;5;11,1;4;6;13,1;4;7;22,1;4;9;12,1;5;8;1,2;0;6;13,2;0;7;19,2;0;8;7,2;0;9;11,2;4;5;88,2;4;6;50,2;4;7;29,2;4;8;26,2;4;9;12,2;4;10;3,2;5;5;12,2;5;6;2,2;5;7;3,2;5;8;4,3;0;7;3,3;0;9;5,3;4;6;10,3;4;7;5,3;4;8;2,3;4;9;2,
Paciente99
1;0;6;1,1;0;7;5,1;0;8;7,1;0;9;11,1;4;6;44,1;4;7;30,1;4;8;13,1;5;6;23,1;5;7;9,1;5;8;8,1;5;9;1,2;0;6;7,2;0;7;6,2;0;8;4,2;0;9;9,2;0;10;1,2;4;5;19,2;4;6;32,2;4;7;18,2;4;8;18,2;4;9;4,2;5;5;4,2;5;6;16,2;5;7;6,2;5;9;3,3;0;10;1,3;4;9;2,
Paciente100
1;0;6;4,1;0;7;18,1;0;8;18,1;0;9;16,1;0;10;7,1;4;6;75,1;4;7;67,1;4;8;32,1;4;9;38,2;0;7;1,2;0;8;1,2;4;6;20,2;4;7;17,2;4;8;5,2;4;9;2,
Paciente101
0;4;8;3,0;4;9;1,0;5;8;5,1;0;6;3,1;0;7;8,1;0;8;1,1;0;9;11,1;4;5;26,1;4;6;16,1;4;7;11,1;4;9;5,1;5;4;4,1;5;5;22,1;5;6;13,1;5;7;4,1;5;8;5,1;6;8;4,2;0;6;7,2;0;7;8,2;0;9;4,2;1;9;3,2;4;5;42,2;4;6;23,2;4;7;11,2;4;8;1,2;5;4;4,2;5;5;22,2;5;6;21,2;5;7;6,2;5;8;10,2;5;9;13,2;5;10;3,2;6;9;1,3;0;7;1,3;1;9;2,3;4;7;2,
Paciente102
1;4;6;6,1;4;7;19,1;4;8;9,1;5;8;2,2;0;7;17,2;0;8;12,2;0;9;5,2;4;4;4,2;4;5;23,2;4;6;59,2;4;7;43,2;4;8;13,2;5;5;22,2;5;6;27,2;5;7;29,2;5;8;13,2;5;9;1,3;0;8;5,3;0;9;8,3;4;5;5,3;4;6;13,3;4;8;6,3;4;9;1,3;4;10;3,3;5;5;2,3;5;6;1,3;5;8;7,3;5;9;7,
Paciente103
1;4;4;2,1;4;5;10,1;4;6;5,1;4;7;6,1;4;8;13,1;4;9;18,1;4;10;5,1;5;4;10,1;5;5;8,1;5;6;14,1;5;7;11,1;5;8;19,1;5;9;10,2;4;4;6,2;4;5;29,2;4;6;46,2;4;7;38,2;4;8;8,2;4;9;1,2;5;4;3,2;5;5;23,2;5;6;72,2;5;7;63,2;5;8;19,2;5;9;6,
Paciente104
1;0;7;17,1;0;8;28,1;0;9;29,1;0;10;2,1;1;9;1,1;4;7;23,1;4;8;53,1;4;9;21,2;0;7;29,2;0;8;76,2;0;9;10,2;1;9;11,2;4;7;10,2;4;8;79,
Paciente105
1;0;8;7,1;0;9;10,1;4;6;28,1;4;7;20,1;4;8;32,1;4;9;15,1;4;10;4,1;5;6;5,1;5;7;12,1;5;8;14,1;5;9;13,2;0;7;7,2;0;8;9,2;0;9;22,2;4;5;7,2;4;6;65,2;4;7;39,2;4;8;46,2;4;9;21,2;5;6;26,2;5;7;23,2;5;8;15,2;5;9;9,
Paciente106
1;4;6;7,1;4;7;16,2;0;6;3,2;0;7;10,2;0;8;13,2;0;9;6,2;4;3;2,2;4;4;24,2;4;5;47,2;4;6;75,2;4;7;26,2;4;8;8,2;5;4;1,2;5;5;53,2;5;6;21,2;5;7;19,2;5;8;15,3;0;8;5,3;0;9;9,3;4;4;11,3;4;5;3,3;4;8;7,3;4;9;2,3;4;10;2,3;5;5;3,3;5;7;2,3;5;8;6,3;5;9;6,3;5;10;1,
Paciente107
1;0;7;5,1;0;8;8,1;0;9;9,1;0;10;2,1;4;5;2,1;4;6;23,1;4;7;32,1;4;8;11,1;4;9;9,1;5;5;3,1;5;6;11,1;5;7;8,1;5;8;7,1;5;9;5,2;0;6;24,2;0;7;13,2;0;8;6,2;0;9;10,2;4;5;26,2;4;6;47,2;4;7;24,2;4;8;16,2;4;9;18,2;5;5;17,2;5;6;45,2;5;7;18,2;5;8;6,2;6;9;4,3;0;6;1,3;0;7;3,3;0;9;5,3;4;6;19,3;4;7;5,3;4;8;2,3;4;9;2,3;5;6;3,3;5;7;3,3;5;8;4,3;5;9;3,3;6;9;2,
Paciente108
1;0;7;5,1;0;8;10,1;0;9;13,1;4;5;3,1;4;6;35,1;4;7;36,1;4;8;31,1;4;9;2,1;5;7;4,1;5;8;4,2;0;6;6,2;0;7;10,2;0;8;13,2;0;9;12,2;0;10;3,2;4;5;24,2;4;6;24,2;4;7;41,2;4;8;20,2;4;9;6,2;5;7;2,
Paciente109
0;4;9;1,0;4;10;2,0;5;9;1,1;0;9;1,1;0;10;6,1;4;5;4,1;4;6;40,1;4;7;20,1;4;8;22,1;4;10;7,1;5;5;10,1;5;6;21,1;5;7;12,1;5;8;18,1;5;9;11,2;0;9;5,2;4;5;4,2;4;6;43,2;4;7;15,2;4;8;22,2;4;9;22,2;5;5;16,2;5;6;14,2;5;7;14,2;5;8;8,2;5;9;16,
Paciente110
1;0;9;7,1;4;6;36,1;4;7;42,1;4;8;21,1;4;9;19,1;5;6;23,1;5;7;14,1;5;8;4,1;5;9;9,2;0;9;8,2;0;10;1,2;4;6;32,2;4;7;32,2;4;8;29,2;4;9;6,2;4;10;2,2;5;6;4,2;5;7;4,2;5;8;5,
Paciente111
2;0;6;11,2;0;7;14,2;0;8;13,2;0;9;2,2;4;5;6,2;4;6;57,2;4;7;38,2;4;8;39,2;4;9;4,3;0;6;1,3;0;7;8,3;0;8;5,3;0;9;8,3;0;10;1,3;4;5;11,3;4;6;16,3;4;7;20,3;4;8;3,3;4;9;6,
Paciente112
1;0;6;1,1;0;7;3,1;0;8;4,1;0;9;15,1;4;6;1,1;4;7;49,1;4;8;26,1;4;9;12,1;5;6;7,1;5;7;18,1;5;8;5,1;5;9;5,2;0;6;21,2;0;7;14,2;0;8;13,2;0;9;15,2;4;5;2,2;4;6;70,2;4;7;29,2;4;8;27,2;4;9;5,2;5;6;37,2;5;7;47,2;5;8;11,2;5;9;3,3;0;7;3,3;0;8;5,3;0;9;6,3;0;10;1,3;4;6;15,3;4;7;11,3;4;8;3,3;4;9;1,3;4;10;1,3;5;6;1,3;5;7;4,3;5;8;6,3;5;9;4,
Paciente113
2;0;9;5,2;4;5;11,2;4;6;24,2;4;7;64,2;4;8;57,2;4;9;8,2;5;5;6,2;5;6;23,2;5;7;39,2;5;8;38,2;5;9;11,3;0;9;2,3;4;5;4,3;4;6;13,3;4;7;17,3;4;8;1,3;4;9;8,3;5;6;5,3;5;7;9,3;5;8;14,3;5;9;5,3;5;10;3,
Paciente114
2;4;4;1,2;4;5;17,2;4;6;79,2;4;7;43,2;4;8;29,2;4;9;22,2;4;10;1,2;5;6;29,2;5;7;29,2;5;8;20,3;4;6;8,3;4;7;16,3;4;8;3,
Paciente115
0;0;7;2,0;0;8;10,0;0;9;1,0;4;6;5,0;4;7;14,0;4;8;36,0;4;9;9,0;5;6;18,0;5;7;23,0;5;8;15,0;5;9;11,0;5;10;2,0;6;9;2,1;0;6;11,1;0;7;12,1;0;8;12,1;0;9;1,1;4;5;10,1;4;6;40,1;4;7;59,1;4;8;14,1;5;6;26,1;5;7;21,1;5;8;4,
Paciente116
1;0;6;13,1;0;7;29,1;0;8;16,1;0;9;20,1;4;6;26,1;4;7;32,1;4;8;10,1;4;9;5,2;0;5;13,2;0;6;22,2;0;7;31,2;0;8;11,2;0;9;7,2;1;9;7,2;1;10;3,2;4;5;1,2;4;6;10,2;4;7;45,2;4;8;11,2;4;9;4,
Paciente117
1;4;6;4,1;4;7;23,1;4;8;33,1;4;9;5,1;5;7;4,1;5;8;10,2;0;7;5,2;0;8;23,2;0;9;7,2;0;10;2,2;4;5;5,2;4;6;80,2;4;7;72,2;4;8;15,2;4;9;2,2;5;6;34,2;5;7;59,2;5;8;41,3;0;9;4,3;4;6;8,3;4;7;9,3;4;8;11,3;4;9;8,3;5;6;3,3;5;8;10,3;5;9;5,
Paciente118
1;4;5;13,1;4;6;21,1;4;7;17,1;4;8;19,1;4;9;14,1;4;10;7,1;5;6;20,1;5;7;27,1;5;8;16,1;5;9;5,2;4;5;26,2;4;6;36,2;4;7;17,2;4;8;22,2;4;9;15,2;5;5;1,2;5;6;36,2;5;7;28,2;5;8;22,2;5;9;2,
Paciente119
0;4;9;10,0;5;8;2,0;5;9;1,1;0;8;14,1;0;9;13,1;0;10;6,1;4;5;15,1;4;6;77,1;4;7;36,1;4;8;21,1;4;9;3,1;5;5;6,1;5;6;39,1;5;7;27,1;5;8;17,1;5;9;2,2;4;5;5,2;4;6;34,2;4;7;10,2;4;8;14,2;4;9;12,2;5;7;1,2;5;8;2,2;5;9;1,
Paciente120
1;4;9;6,2;0;7;6,2;0;8;9,2;0;9;10,2;0;10;2,2;4;5;11,2;4;6;43,2;4;7;18,2;4;8;11,2;4;9;2,2;4;10;1,2;5;5;8,2;5;6;35,2;5;7;26,2;5;8;18,2;5;9;6,3;0;7;11,3;0;8;9,3;0;9;9,3;4;5;1,3;4;6;32,3;4;7;14,3;4;8;2,3;5;5;11,3;5;6;22,3;5;7;20,3;5;8;10,3;5;9;5,3;6;7;4,3;6;8;5,
Paciente121
1;4;8;2,1;4;9;7,1;5;9;2,2;0;6;5,2;0;7;9,2;0;8;12,2;0;9;13,2;4;6;40,2;4;7;38,2;4;8;8,2;4;9;4,2;5;5;2,2;5;6;40,2;5;7;16,2;5;8;11,2;5;9;11,2;5;10;1,2;6;8;2,3;0;6;8,3;0;7;10,3;0;8;11,3;0;9;1,3;1;9;8,3;2;9;2,3;3;9;1,3;4;5;10,3;4;6;19,3;4;7;9,3;4;8;1,3;4;9;2,3;5;5;3,3;5;6;32,3;5;7;7,3;5;8;6,3;5;9;7,3;5;10;1,3;6;7;7,3;6;8;8,3;7;8;2,3;7;9;1,
Paciente122
1;4;7;1,1;4;8;9,2;0;5;31,2;0;6;23,2;0;7;32,2;0;8;4,2;4;5;107,2;4;6;93,2;4;7;30,2;5;7;1,2;5;8;4,3;0;5;3,3;0;6;8,3;0;7;3,3;0;8;4,3;0;9;8,3;0;10;1,3;4;5;19,3;4;6;23,3;4;7;4,3;4;9;6,3;4;10;1,3;5;8;5,3;5;9;2,
Paciente123
1;0;7;5,1;0;8;9,1;0;9;10,1;0;10;2,1;4;5;7,1;4;6;29,1;4;7;16,1;4;8;15,2;0;5;9,2;0;6;12,2;0;7;13,2;0;8;17,2;0;9;5,2;4;4;2,2;4;5;31,2;4;6;47,2;4;7;23,2;4;8;15,2;4;9;6,
Paciente124
1;0;6;1,1;0;7;6,1;0;8;16,1;0;9;3,1;4;5;30,1;4;6;18,1;4;7;28,1;4;8;28,1;4;9;13,1;5;7;5,1;5;8;4,1;5;9;2,2;0;6;7,2;0;7;13,2;0;8;5,2;0;9;8,2;4;5;29,2;4;6;54,2;4;7;38,2;4;8;17,2;4;9;17,2;4;10;2,2;5;6;1,
Paciente125
1;0;9;4,1;4;5;4,1;4;6;45,1;4;7;31,1;4;8;25,1;4;9;10,1;4;10;11,1;5;7;1,1;5;8;3,2;0;8;1,2;0;9;7,2;4;5;3,2;4;6;104,2;4;7;76,2;4;8;48,2;5;7;1,2;5;8;10,
Paciente126
1;0;9;4,1;4;6;2,1;4;7;8,1;4;8;25,1;4;9;6,1;5;7;3,1;5;8;10,2;0;7;12,2;0;8;1,2;0;9;12,2;4;5;36,2;4;6;43,2;4;7;12,2;4;8;19,2;5;5;11,2;5;6;10,2;5;7;19,2;5;8;11,2;5;9;1,3;0;7;3,3;0;9;3,3;0;10;3,3;4;6;5,3;4;7;5,3;4;9;2,3;5;6;1,3;5;7;1,3;5;9;2,
Paciente127
1;4;6;7,1;4;7;7,1;4;8;9,1;4;9;11,1;5;6;13,1;5;7;12,1;5;8;3,1;5;9;9,2;4;5;53,2;4;6;41,2;4;7;29,2;4;8;15,2;4;9;14,2;5;5;38,2;5;6;88,2;5;7;44,2;5;8;21,2;5;9;29,2;5;10;2,3;4;7;2,3;4;8;5,3;4;9;7,3;5;7;3,3;5;8;5,3;5;9;5,
Paciente128
1;4;8;3,1;4;9;8,1;4;10;3,2;0;6;4,2;0;7;1,2;0;8;12,2;0;9;14,2;0;10;2,2;4;6;64,2;4;7;40,2;4;8;33,2;4;9;6,2;5;6;17,2;5;7;5,2;5;8;1,2;5;9;4,3;0;8;4,3;0;9;5,3;0;10;2,3;4;6;12,3;4;7;11,3;4;8;9,3;4;9;6,3;5;7;2,
Paciente129
1;4;9;9,2;0;7;2,2;0;8;11,2;0;9;7,2;4;5;46,2;4;6;97,2;4;7;56,2;4;8;60,2;4;9;20,2;4;10;2,3;4;8;8,3;4;9;5,
Paciente130
0;4;9;2,0;4;10;1,1;0;8;4,1;0;9;6,1;4;5;31,1;4;6;61,1;4;7;46,1;4;8;26,1;4;9;14,1;4;10;1,1;5;5;14,1;5;6;34,1;5;7;26,1;5;8;18,1;5;9;4,2;4;5;13,2;4;6;34,2;4;7;14,2;4;8;18,2;4;9;10,2;5;5;3,2;5;6;4,
Paciente131
0;4;8;9,0;4;9;12,0;4;10;2,0;5;8;9,0;5;9;14,1;0;7;18,1;0;8;6,1;0;9;23,1;4;5;29,1;4;6;77,1;4;7;66,1;4;8;23,1;4;9;6,1;5;5;9,1;5;6;36,1;5;7;25,1;5;8;14,1;5;9;2,2;4;6;5,2;4;7;11,2;4;8;4,2;4;9;15,2;5;8;2,
Paciente132
1;4;6;20,1;4;7;16,1;4;8;11,1;4;9;13,1;4;10;3,1;5;6;14,1;5;7;15,1;5;8;6,1;5;9;2,2;4;5;10,2;4;6;58,2;4;7;33,2;4;8;20,2;4;9;18,2;4;10;1,2;5;5;15,2;5;6;29,2;5;7;31,2;5;8;16,2;5;9;12,2;5;10;1,
Paciente133
1;4;7;7,1;4;8;2,1;4;9;13,1;5;7;4,1;5;8;2,1;5;9;10,2;0;8;6,2;0;9;7,2;4;5;8,2;4;6;54,2;4;7;27,2;4;8;16,2;4;9;6,2;5;5;11,2;5;6;34,2;5;7;27,2;5;8;20,2;5;9;8,3;0;9;3,3;0;10;1,3;4;5;3,3;4;6;5,3;4;8;5,3;4;9;5,3;4;10;3,3;5;5;2,3;5;6;3,3;5;7;5,3;5;9;7,
Paciente134
1;0;6;9,1;0;7;14,1;0;8;13,1;0;9;17,1;4;6;14,1;4;7;44,1;4;8;25,1;4;9;9,1;5;7;5,1;5;8;10,2;0;6;51,2;0;7;23,2;0;8;12,2;0;9;11,2;1;9;8,2;1;10;2,2;4;5;15,2;4;6;37,2;4;7;63,2;4;8;33,2;4;9;12,2;5;7;7,2;5;8;8,2;5;9;3,3;0;8;4,3;0;9;8,3;0;10;1,3;4;8;6,3;4;9;4,
Paciente135
1;0;6;9,1;0;7;14,1;0;8;13,1;0;9;17,1;4;6;14,1;4;7;44,1;4;8;25,1;4;9;9,1;5;7;5,1;5;8;10,2;0;6;51,2;0;7;23,2;0;8;12,2;0;9;11,2;1;9;8,2;1;10;2,2;4;5;15,2;4;6;37,2;4;7;63,2;4;8;33,2;4;9;12,2;5;7;7,2;5;8;8,2;5;9;3,3;0;8;4,3;0;9;8,3;0;10;1,3;4;8;6,3;4;9;4,
Paciente136
1;4;9;2,1;4;10;2,1;5;8;5,1;5;9;6,2;4;5;33,2;4;6;26,2;4;7;20,2;4;8;16,2;4;9;17,2;4;10;3,2;5;4;6,2;5;5;91,2;5;6;83,2;5;7;68,2;5;8;37,2;5;9;22,2;6;8;7,3;4;5;2,3;4;6;5,3;4;7;5,3;4;8;8,3;4;9;3,3;5;5;17,3;5;6;12,3;5;7;7,3;5;8;12,
Paciente137
2;4;5;20,2;4;6;44,2;4;7;25,2;4;8;34,2;4;9;10,2;4;10;6,2;5;5;2,2;5;6;92,2;5;7;52,2;5;8;44,2;5;9;12,3;4;5;4,3;4;6;3,3;4;7;8,3;4;8;7,3;4;9;9,3;4;10;2,3;5;5;8,3;5;6;10,3;5;7;10,3;5;8;6,3;5;9;5,
Paciente138
1;4;7;8,1;4;8;2,1;4;9;10,1;4;10;3,2;0;9;11,2;4;4;5,2;4;5;56,2;4;6;85,2;4;7;103,2;4;8;34,2;4;9;9,
Paciente139
1;0;7;1,1;0;8;6,1;0;9;8,1;4;6;21,1;4;7;16,1;4;8;25,1;4;9;10,1;5;6;14,1;5;7;21,1;5;8;14,1;5;9;1,1;6;8;1,2;0;6;4,2;0;7;10,2;0;8;4,2;0;9;17,2;4;4;8,2;4;5;6,2;4;6;48,2;4;7;17,2;4;8;7,2;4;9;7,2;5;4;1,2;5;5;6,2;5;6;42,2;5;7;16,2;5;8;17,2;5;9;8,2;6;8;1,2;6;9;4,3;0;9;4,3;0;10;5,3;4;6;8,3;4;9;4,3;5;6;4,3;5;8;1,3;5;9;5,3;6;9;2,
Paciente140
2;0;8;15,2;0;9;12,2;4;5;1,2;4;7;21,2;4;8;53,2;4;9;15,2;5;7;8,2;5;8;14,2;5;9;5,3;0;8;11,3;0;9;7,3;0;10;1,3;4;7;11,3;4;8;19,3;4;9;7,3;4;10;3,3;5;7;2,3;5;8;10,3;5;9;5,
Paciente141
2;4;5;5,2;4;6;33,2;4;7;37,2;4;8;10,2;5;5;39,2;5;6;54,2;5;7;41,2;5;8;19,2;5;9;22,2;5;10;2,3;5;7;2,3;5;8;1,3;5;9;6,3;5;10;1,
Paciente142
1;4;10;3,2;0;5;1,2;0;6;13,2;0;7;9,2;0;8;3,2;0;9;15,2;4;5;8,2;4;6;57,2;4;7;21,2;4;8;16,2;4;9;9,2;4;10;1,2;5;5;10,2;5;6;11,2;5;7;8,2;5;8;5,2;5;9;7,3;0;5;6,3;0;6;12,3;0;7;2,3;0;8;10,3;0;9;10,3;4;5;4,3;4;6;31,3;4;7;15,3;4;8;14,3;4;9;1,3;5;5;11,3;5;6;13,3;5;7;13,3;5;8;10,3;5;9;2,
Paciente143
0;4;8;8,0;5;8;4,1;4;5;54,1;4;6;69,1;4;7;50,1;4;8;28,1;4;9;31,1;4;10;4,1;5;5;42,1;5;6;73,1;5;7;49,1;5;8;27,1;5;9;6,2;4;5;14,2;4;6;13,2;4;8;7,2;4;9;6,2;4;10;5,2;5;5;14,2;5;6;7,2;5;8;7,2;5;9;10,
Paciente144
1;4;6;2,1;4;7;12,1;4;8;10,1;4;9;11,1;5;6;18,1;5;7;21,1;5;8;22,1;5;9;14,1;6;8;1,2;4;5;1,2;4;6;32,2;4;7;17,2;4;8;10,2;4;9;5,2;4;10;5,2;5;5;11,2;5;6;80,2;5;7;57,2;5;8;25,2;5;9;17,2;6;8;7,2;6;9;2,3;5;9;3,
Paciente145
1;4;6;6,1;4;7;40,1;4;8;23,1;4;9;2,1;5;6;2,1;5;7;31,1;5;8;14,2;4;5;15,2;4;6;94,2;4;7;23,2;4;8;32,2;4;9;22,2;5;5;19,2;5;6;68,2;5;7;14,2;5;8;24,2;5;9;17,3;4;8;2,3;4;9;8,3;4;10;4,3;5;8;4,3;5;9;5,
Paciente146
1;4;8;3,1;4;9;8,1;5;9;3,2;0;7;5,2;0;8;9,2;0;9;8,2;0;10;3,2;4;6;40,2;4;7;16,2;4;8;13,2;4;9;2,2;5;6;24,2;5;7;20,2;5;8;17,2;5;9;3,2;6;8;1,3;0;7;5,3;0;8;7,3;0;9;10,3;4;6;19,3;4;7;7,3;4;8;6,3;5;6;19,3;5;7;7,3;5;8;7,3;5;9;4,3;6;8;3,3;6;9;3,
Paciente147
1;0;9;1,1;4;6;3,1;4;7;7,1;4;8;9,1;4;9;11,1;5;6;4,1;5;7;8,1;5;8;10,1;5;9;8,1;6;9;3,2;0;8;6,2;0;9;9,2;4;5;6,2;4;6;38,2;4;7;25,2;4;8;13,2;4;10;4,2;5;5;8,2;5;6;38,2;5;7;24,2;5;8;17,2;5;9;1,2;5;10;14,2;6;8;6,2;6;9;4,3;0;8;3,3;0;9;5,3;4;6;12,3;4;7;5,3;4;8;3,3;5;6;11,3;5;7;6,3;5;8;3,3;5;9;1,3;6;8;1,3;6;9;3,
Paciente148
1;4;6;4,1;4;7;20,1;4;8;20,1;5;6;4,1;5;7;7,1;5;8;13,2;0;9;7,2;4;5;14,2;4;6;48,2;4;7;34,2;4;8;36,2;4;9;11,2;5;6;40,2;5;7;46,2;5;8;22,2;5;9;3,3;4;7;2,3;4;8;3,3;4;9;4,3;4;10;5,3;5;7;2,3;5;9;5,
Paciente149
2;0;6;12,2;0;7;45,2;0;8;42,2;0;9;10,2;1;8;4,2;4;6;6,2;4;7;46,2;4;8;44,2;4;9;9,2;5;7;6,2;5;8;2,3;0;6;2,3;0;7;39,3;0;8;13,3;0;9;12,3;1;8;16,3;1;9;4,3;4;6;16,3;4;7;40,3;4;8;8,3;4;9;13,3;5;6;5,3;5;7;15,3;5;8;14,3;5;9;15,3;5;10;2,3;6;9;1,
Paciente150
1;4;6;12,1;4;7;34,1;4;8;19,1;4;9;18,1;4;10;6,1;5;6;33,1;5;7;47,1;5;8;21,1;5;9;40,2;4;6;21,2;4;7;47,2;4;8;8,2;4;9;11,2;5;6;38,2;5;7;60,2;5;8;42,2;5;9;13,
Paciente151
2;0;7;4,2;0;8;49,2;0;9;24,2;0;10;4,2;4;6;15,2;4;7;100,2;4;8;140,2;4;9;46,3;0;8;4,3;0;9;3,3;4;6;2,3;4;7;28,3;4;8;16,3;4;9;9,
Paciente152
1;0;7;2,1;0;8;21,1;0;9;18,1;0;10;1,1;4;5;1,1;4;6;24,1;4;7;107,1;4;8;27,1;4;9;11,1;5;6;8,1;5;7;25,1;5;8;13,1;5;9;6,2;0;7;10,2;0;8;15,2;0;9;9,2;4;5;1,2;4;6;43,2;4;7;90,2;4;8;41,2;5;6;11,2;5;7;12,2;5;8;4,
Paciente153
1;4;6;1,1;4;7;16,1;4;8;21,1;4;9;19,1;5;7;11,1;5;8;10,1;5;9;10,2;0;8;3,2;0;9;9,2;4;6;35,2;4;7;63,2;4;8;56,2;4;9;2,2;5;6;16,2;5;7;63,2;5;8;30,2;5;9;9,3;4;7;14,3;4;8;3,3;4;9;5,3;4;10;2,3;5;7;2,3;5;8;6,3;5;9;4,3;5;10;1,
Paciente154
0;0;8;11,0;0;9;1,0;1;10;1,0;2;10;1,0;4;7;13,0;4;8;19,0;4;9;6,0;5;8;5,0;5;9;4,1;0;6;12,1;0;7;48,1;0;8;33,1;0;9;10,1;1;9;12,1;1;10;1,1;4;6;38,1;4;7;64,1;4;8;14,1;5;7;10,2;0;6;22,2;0;7;30,2;0;8;10,2;1;8;8,2;1;9;5,2;4;6;1,2;4;7;52,2;4;8;15,
Paciente155
1;0;8;11,1;0;9;7,1;4;5;3,1;4;6;62,1;4;7;40,1;4;8;24,1;5;6;3,1;5;7;13,1;5;8;7,2;0;7;18,2;0;8;14,2;0;9;16,2;4;5;35,2;4;6;74,2;4;7;58,2;4;8;27,2;5;5;6,2;5;6;20,2;5;7;21,2;5;8;9,2;5;9;4,3;4;9;6,3;4;10;3,
Paciente156
1;0;8;11,1;0;9;7,1;4;5;3,1;4;6;62,1;4;7;40,1;4;8;24,1;5;6;3,1;5;7;13,1;5;8;7,2;0;7;18,2;0;8;14,2;0;9;16,2;4;5;35,2;4;6;74,2;4;7;58,2;4;8;27,2;5;5;6,2;5;6;20,2;5;7;21,2;5;8;9,2;5;9;4,3;4;9;6,3;4;10;3,
Paciente157
1;0;7;1,1;4;6;23,1;4;7;37,1;4;8;6,1;4;9;1,1;5;6;2,1;5;7;10,1;5;9;6,1;5;10;3,2;0;7;30,2;0;8;7,2;4;6;58,2;4;7;60,2;5;6;40,2;5;7;23,2;5;9;10,2;5;10;1,3;4;7;17,3;4;8;6,3;5;7;4,3;5;8;1,3;5;9;5,
Paciente158
2;0;7;5,2;0;8;21,2;0;9;12,2;0;10;2,2;4;4;1,2;4;5;16,2;4;6;52,2;4;7;77,2;4;8;15,2;5;6;24,2;5;7;44,2;5;8;14,2;5;9;1,3;0;7;2,3;0;8;9,3;0;9;15,3;0;10;2,3;4;4;5,3;4;5;9,3;4;6;15,3;4;7;6,3;4;8;10,3;4;9;4,3;5;6;12,3;5;7;11,3;5;8;14,3;5;9;2,
Paciente159
1;0;9;5,1;4;5;1,1;4;6;21,1;4;7;19,1;4;8;33,1;4;9;20,1;5;6;15,1;5;7;41,1;5;8;30,1;5;9;13,2;0;9;3,2;0;10;3,2;4;5;5,2;4;6;39,2;4;7;14,2;4;8;18,2;4;9;17,2;4;10;4,2;5;5;5,2;5;6;35,2;5;7;18,2;5;8;36,2;5;9;10,
Paciente160
1;0;6;3,1;0;7;4,1;0;8;11,1;0;9;17,1;4;5;6,1;4;6;57,1;4;7;27,1;4;8;15,1;4;9;13,1;5;5;18,1;5;6;19,1;5;7;20,1;5;8;16,1;5;9;4,2;0;8;5,2;0;9;3,2;4;5;34,2;4;6;32,2;4;7;17,2;4;8;23,2;4;9;9,2;4;10;3,2;5;5;9,2;5;6;11,2;5;7;15,2;5;8;10,2;5;9;6,2;5;10;1,
Paciente161
1;0;9;6,1;0;10;4,1;4;5;35,1;4;6;89,1;4;7;50,1;4;8;34,1;4;9;26,1;5;5;11,1;5;6;18,1;5;7;18,1;5;8;9,1;5;9;3,2;4;5;15,2;4;6;9,2;4;7;6,2;4;8;5,2;4;9;2,
Paciente162
2;0;7;5,2;0;8;6,2;0;9;2,2;4;5;24,2;4;6;74,2;4;7;25,2;4;8;16,2;4;9;23,2;4;10;4,2;5;5;11,2;5;6;13,2;5;7;8,2;5;8;5,2;5;9;4,3;0;7;5,3;0;9;8,3;4;5;23,3;4;6;35,3;4;7;23,3;4;8;11,3;4;9;11,3;5;5;5,3;5;6;6,3;5;7;6,3;5;8;3,3;5;9;4,
Paciente163
1;4;6;45,1;4;7;46,1;4;8;24,1;4;9;22,1;4;10;4,1;5;6;16,1;5;7;24,1;5;8;14,2;4;5;4,2;4;6;40,2;4;7;29,2;4;8;30,2;4;9;7,2;5;6;10,2;5;7;6,
Paciente164
1;4;6;5,1;4;7;4,1;4;8;11,1;4;9;18,1;5;5;4,1;5;6;55,1;5;7;25,1;5;8;32,1;5;9;2,2;4;6;15,2;4;7;8,2;4;8;12,2;4;9;11,2;4;10;1,2;5;5;26,2;5;6;63,2;5;7;42,2;5;8;40,2;5;9;18,2;5;10;1,
Paciente165
0;0;10;4,0;4;7;7,0;4;8;10,0;4;9;8,0;4;10;1,0;5;7;5,0;5;8;9,0;5;9;11,0;6;9;1,1;0;8;10,1;0;9;13,1;0;10;1,1;4;6;40,1;4;7;57,1;4;8;24,1;4;9;4,1;5;6;21,1;5;7;73,1;5;8;21,1;5;9;5,1;6;9;6,2;4;6;6,2;4;7;10,2;4;8;7,2;5;6;3,2;5;7;5,2;5;8;5,
Paciente166
1;0;7;3,1;0;8;12,1;0;9;15,1;4;7;27,1;4;8;24,1;4;9;21,1;5;8;2,1;5;9;2,2;0;7;59,2;0;8;27,2;0;9;14,2;4;6;15,2;4;7;93,2;4;8;45,2;4;9;7,2;5;7;18,2;5;8;12,2;5;9;8,3;0;7;5,3;0;8;6,3;0;9;7,3;0;10;1,3;4;7;21,3;4;8;7,3;4;9;3,3;4;10;2,3;5;8;2,3;5;9;4,
Paciente167
1;0;7;2,1;0;8;13,1;0;9;2,1;4;5;6,1;4;6;33,1;4;7;25,1;4;8;9,1;4;9;6,1;5;5;7,1;5;6;29,1;5;7;17,1;5;8;9,1;6;8;2,2;0;6;2,2;0;7;9,2;0;8;7,2;0;9;1,2;4;4;3,2;4;5;30,2;4;6;25,2;4;7;17,2;4;8;3,2;4;9;5,2;5;5;17,2;5;6;18,2;5;7;20,2;5;8;4,2;5;9;2,2;6;8;2,2;6;9;3,3;0;9;2,3;4;7;2,3;4;9;3,3;5;7;1,3;5;9;1,3;5;10;2,3;6;9;2,
Paciente168
1;0;7;2,1;0;8;13,1;0;9;2,1;4;5;6,1;4;6;33,1;4;7;25,1;4;8;9,1;4;9;6,1;5;5;7,1;5;6;29,1;5;7;17,1;5;8;9,1;6;8;2,2;0;6;2,2;0;7;9,2;0;8;7,2;0;9;1,2;4;4;3,2;4;5;30,2;4;6;25,2;4;7;17,2;4;8;3,2;4;9;5,2;5;5;17,2;5;6;18,2;5;7;20,2;5;8;4,2;5;9;2,2;6;8;2,2;6;9;3,3;0;9;2,3;4;7;2,3;4;9;3,3;5;7;1,3;5;9;1,3;5;10;2,3;6;9;2,
Paciente169
1;4;5;6,1;4;6;18,1;4;8;17,1;4;9;13,1;4;10;5,1;5;6;1,1;5;8;4,1;5;9;6,2;4;4;16,2;4;5;36,2;4;6;73,2;4;7;65,2;4;8;36,2;4;9;14,2;5;5;9,2;5;6;32,2;5;7;23,2;5;8;13,
Paciente170
0;4;9;2,0;5;8;2,0;5;9;2,1;0;8;6,1;0;9;2,1;4;5;9,1;4;6;24,1;4;7;20,1;4;8;12,1;4;9;11,1;5;5;34,1;5;6;20,1;5;7;18,1;5;8;9,1;6;8;7,2;0;8;6,2;4;5;49,2;4;6;24,2;4;7;16,2;4;8;5,2;5;4;5,2;5;5;26,2;5;6;36,2;5;7;25,2;5;8;17,2;5;9;11,2;5;10;3,2;6;8;1,
Paciente171
0;4;9;4,0;4;10;1,0;5;9;4,1;4;6;40,1;4;7;52,1;4;8;12,1;4;9;26,1;4;10;3,1;5;6;48,1;5;7;39,1;5;8;29,1;5;9;7,2;4;6;38,2;4;7;13,2;4;8;29,2;4;9;5,2;5;6;30,2;5;7;3,2;5;8;27,2;5;9;13,
Paciente172
0;4;9;12,0;5;9;1,1;0;6;6,1;0;7;15,1;0;8;15,1;0;9;18,1;4;6;63,1;4;7;61,1;4;8;38,1;4;9;2,1;5;7;8,1;5;8;10,1;5;9;11,2;0;7;8,2;0;8;10,2;0;9;11,2;4;6;32,2;4;7;30,2;4;8;19,2;4;9;9,2;4;10;3,
Paciente173
1;0;6;2,1;0;7;5,1;0;8;9,1;0;9;12,1;4;5;4,1;4;6;30,1;4;7;15,1;4;8;12,1;4;9;7,1;4;10;3,1;5;6;4,1;5;7;5,1;5;8;8,1;5;9;10,2;0;6;33,2;0;7;6,2;0;8;9,2;0;9;10,2;4;5;2,2;4;6;51,2;4;7;51,2;4;8;11,2;5;6;20,2;5;7;12,2;5;8;8,2;5;9;6,3;0;7;3,3;0;8;5,3;4;6;6,3;4;7;5,3;4;8;3,3;5;7;1,3;5;9;3,
Paciente174
1;4;6;21,1;4;7;9,1;4;8;28,1;4;9;33,1;4;10;3,1;5;6;22,1;5;7;38,1;5;8;18,1;5;9;16,2;4;6;33,2;4;7;77,2;4;8;26,2;5;6;16,2;5;7;76,2;5;8;39,2;5;9;10,
Paciente175
1;0;8;8,1;0;9;5,1;0;10;7,1;4;5;12,1;4;6;45,1;4;7;42,1;4;8;22,1;4;9;22,1;5;6;22,1;5;7;34,1;5;8;14,1;5;9;17,2;0;8;2,2;0;9;2,2;0;10;3,2;4;5;11,2;4;6;35,2;4;7;36,2;4;8;11,2;4;9;20,2;4;10;3,2;5;6;11,2;5;7;19,2;5;8;5,2;5;9;2,
Paciente176
1;0;9;2,1;4;7;5,1;4;8;29,1;4;9;18,1;4;10;4,1;5;9;1,2;0;6;8,2;0;7;23,2;0;8;10,2;0;9;17,2;4;5;49,2;4;6;72,2;4;7;68,2;4;8;27,2;4;9;12,2;5;6;5,2;5;7;22,2;5;8;10,2;5;9;11,3;0;8;3,3;0;9;4,3;4;6;1,3;4;7;20,3;4;8;10,3;4;9;8,3;5;9;2,
Paciente177
1;4;6;4,1;4;7;12,1;4;8;19,1;4;9;20,1;4;10;1,1;5;6;22,1;5;7;40,1;5;8;22,1;5;9;18,1;5;10;3,2;4;6;36,2;4;7;29,2;4;8;10,2;4;9;14,2;5;6;62,2;5;7;44,2;5;8;34,2;5;9;49,2;5;10;3,
Paciente178
1;4;6;11,1;4;7;19,1;4;8;11,1;4;9;12,1;5;6;35,1;5;7;35,1;5;8;8,1;5;9;16,2;4;5;8,2;4;6;28,2;4;7;17,2;4;8;13,2;4;9;12,2;5;5;33,2;5;6;16,2;5;7;43,2;5;8;31,2;5;9;26,2;5;10;6,
Paciente179
1;0;8;2,1;0;9;5,1;4;6;6,1;4;7;14,1;4;8;13,1;4;9;16,1;4;10;5,2;0;6;13,2;0;7;10,2;0;8;10,2;0;9;7,2;4;4;1,2;4;5;52,2;4;6;96,2;4;7;40,2;4;8;31,2;4;9;10,
Paciente180
0;0;7;4,0;0;8;15,0;0;9;17,0;4;6;11,0;4;7;17,0;4;8;15,0;4;9;9,0;5;6;6,0;5;7;16,0;5;8;17,0;5;9;7,0;6;9;7,1;0;6;6,1;0;7;12,1;0;8;8,1;4;4;13,1;4;5;30,1;4;6;42,1;4;7;28,1;4;8;11,1;4;9;14,1;4;10;2,1;5;4;3,1;5;5;11,1;5;6;30,1;5;7;9,1;5;8;11,
Paciente181
2;0;6;13,2;0;7;8,2;0;8;18,2;0;9;17,2;4;5;9,2;4;6;86,2;4;7;36,2;4;8;16,2;4;9;12,2;4;10;2,3;0;6;1,3;0;7;5,3;0;9;8,3;4;5;5,3;4;6;15,3;4;7;5,3;4;8;2,3;4;9;7,
Paciente182
1;4;5;7,1;4;6;3,1;4;7;24,1;4;8;20,1;4;9;14,1;5;4;3,1;5;5;16,1;5;6;40,1;5;7;37,1;5;8;6,2;4;4;8,2;4;5;32,2;4;6;16,2;4;7;12,2;4;8;6,2;4;9;8,2;4;10;7,2;5;3;5,2;5;4;6,2;5;5;34,2;5;6;41,2;5;7;50,2;5;8;40,2;5;9;2,
Paciente183
1;4;6;25,1;4;7;45,1;4;8;28,1;4;9;27,1;4;10;1,1;5;6;47,1;5;7;34,1;5;8;18,1;5;9;22,1;5;10;1,2;4;6;34,2;4;7;5,2;4;8;14,2;4;9;11,2;5;6;18,2;5;7;3,2;5;8;14,2;5;9;5,
Paciente184
0;4;7;8,0;4;8;9,0;4;9;4,0;5;7;3,0;5;8;6,1;0;7;11,1;0;8;8,1;0;9;18,1;0;10;4,1;4;5;7,1;4;6;94,1;4;7;51,1;4;8;22,1;4;9;7,1;5;6;42,1;5;7;15,1;5;8;4,1;5;9;2,2;4;6;8,2;4;7;4,
Paciente185
1;0;8;5,1;0;9;9,1;4;6;21,1;4;7;52,1;4;8;39,1;4;9;19,1;4;10;2,1;5;7;6,1;5;8;6,1;5;9;6,2;0;8;6,2;0;9;7,2;4;6;11,2;4;7;73,2;4;8;30,2;4;9;11,
Paciente186
0;4;7;5,0;4;8;11,0;4;9;8,0;5;7;10,0;5;8;14,0;5;9;9,1;4;5;17,1;4;6;103,1;4;7;24,1;4;8;4,1;4;9;12,1;5;5;49,1;5;6;107,1;5;7;51,1;5;8;29,1;5;9;17,1;5;10;3,
Paciente187
1;0;7;2,1;0;8;2,1;0;9;3,1;4;6;8,1;4;7;36,1;4;8;7,1;4;9;5,2;0;6;5,2;0;7;12,2;0;8;15,2;0;9;17,2;4;6;118,2;4;7;52,2;4;8;25,2;4;9;14,3;0;8;2,3;0;9;3,3;0;10;1,3;4;8;7,3;4;9;5,3;4;10;1,
Paciente188
0;4;8;2,0;4;9;2,1;0;6;8,1;0;7;18,1;0;8;15,1;4;6;54,1;4;7;60,1;4;8;11,1;4;9;2,1;5;5;7,1;5;6;26,1;5;7;16,1;5;8;15,2;0;5;3,2;0;6;12,2;0;7;16,2;0;8;10,2;0;9;8,2;4;5;32,2;4;6;50,2;4;7;32,2;4;8;29,2;5;5;4,2;5;6;39,2;5;7;14,2;5;8;9,2;5;9;2,2;6;9;3,3;0;8;3,3;0;9;4,3;4;7;5,3;4;8;6,3;4;9;4,3;5;7;2,3;5;8;3,3;5;9;4,3;5;10;3,3;6;9;1,
Paciente189
1;0;7;2,1;0;8;7,1;0;9;10,1;4;6;64,1;4;7;48,1;4;8;42,1;4;9;13,1;4;10;4,2;0;7;2,2;0;8;5,2;0;9;8,2;4;5;3,2;4;6;55,2;4;7;87,2;4;8;32,2;4;9;13,
Paciente190
1;0;6;2,1;0;7;14,1;0;8;13,1;0;9;2,1;4;6;31,1;4;7;28,1;4;8;21,1;4;9;16,1;4;10;3,1;5;6;5,1;5;7;10,1;5;8;12,1;5;9;2,2;0;6;15,2;0;7;20,2;0;8;13,2;0;9;11,2;4;6;71,2;4;7;38,2;4;8;9,2;5;6;13,2;5;7;14,2;5;8;7,2;5;9;4,3;0;9;1,3;4;7;1,3;4;8;8,3;4;9;4,3;5;9;2,
Paciente191
1;0;8;2,1;0;9;2,1;4;7;8,1;4;8;32,1;4;9;15,1;5;7;2,1;5;8;4,2;0;6;1,2;0;7;8,2;0;8;15,2;0;9;19,2;4;4;14,2;4;5;34,2;4;6;54,2;4;7;24,2;4;8;20,2;4;9;9,2;5;4;3,2;5;5;8,2;5;6;12,2;5;7;33,2;5;8;12,2;5;9;15,3;0;9;4,3;4;7;2,3;4;9;4,3;4;10;2,3;5;8;1,3;5;9;2,
Paciente192
1;0;8;7,1;0;9;9,1;4;6;25,1;4;7;39,1;4;8;24,1;4;9;20,1;4;10;6,1;5;6;13,1;5;7;21,1;5;8;16,1;5;9;15,2;0;7;8,2;0;8;25,2;0;9;12,2;4;5;7,2;4;6;86,2;4;7;78,2;4;8;11,2;4;9;20,2;5;6;60,2;5;7;65,2;5;8;18,2;5;9;15,3;0;9;3,3;4;7;6,3;4;8;13,3;4;9;5,3;5;7;2,3;5;8;7,3;5;9;5,
Paciente193
1;0;9;1,1;4;6;5,1;4;7;32,1;4;8;19,1;4;9;6,1;5;6;1,1;5;7;3,1;5;8;7,2;0;8;1,2;0;9;12,2;4;6;89,2;4;7;20,2;4;8;34,2;4;9;8,2;5;6;39,2;5;7;5,2;5;8;18,2;5;9;3,3;4;8;3,3;4;9;8,3;5;9;1,3;5;10;2,
Paciente194
2;0;9;3,2;4;5;2,2;4;6;28,2;4;7;22,2;4;8;23,2;4;10;6,2;5;5;13,2;5;6;15,2;5;7;15,2;5;8;19,2;5;9;7,3;0;7;12,3;0;8;8,3;0;9;18,3;4;5;25,3;4;6;36,3;4;7;13,3;4;8;8,3;4;9;9,3;5;5;6,3;5;6;36,3;5;7;36,3;5;8;14,3;5;9;9,3;6;7;6,3;6;8;12,3;6;9;11,
Paciente195
1;0;9;4,1;4;6;43,1;4;7;30,1;4;8;28,1;5;6;20,1;5;7;32,1;5;8;20,2;0;8;2,2;0;9;6,2;4;4;7,2;4;5;12,2;4;6;28,2;4;7;36,2;4;8;19,2;4;9;7,2;5;5;4,2;5;6;36,2;5;7;11,2;5;8;12,2;5;9;14,2;5;10;1,3;4;9;3,3;5;9;1,3;5;10;2,
Paciente196
0;0;7;2,0;0;8;13,0;0;9;15,0;0;10;4,0;1;6;2,0;1;7;11,0;1;8;9,0;1;9;9,0;2;8;7,0;2;9;5,0;3;8;4,0;3;9;4,0;4;7;1,0;4;8;30,0;4;9;13,0;5;6;1,0;5;7;28,0;5;8;15,0;5;9;9,0;6;7;6,0;6;8;13,0;6;9;2,0;7;8;5,0;7;9;4,1;0;5;19,1;0;6;75,1;0;7;29,1;0;8;14,1;0;9;6,1;1;6;10,1;1;7;10,1;1;8;9,1;1;9;1,1;4;5;23,1;4;6;64,1;4;7;50,1;5;6;46,1;5;7;21,1;5;8;7,2;0;6;6,2;0;7;9,2;4;6;3,2;4;7;30,2;4;8;25,2;4;9;2,2;5;7;2,
Paciente197
1;4;5;8,1;4;6;44,1;4;7;23,1;4;8;25,1;4;9;20,1;5;6;29,1;5;7;43,1;5;8;13,1;5;9;1,2;4;5;21,2;4;6;19,2;4;7;6,2;4;8;13,2;4;9;16,2;4;10;4,2;5;5;2,2;5;6;22,2;5;7;12,2;5;8;10,2;5;9;8,
Paciente198
1;0;7;10,1;0;8;9,1;0;9;18,1;0;10;5,1;4;6;3,1;4;7;39,1;4;8;18,1;4;9;21,1;4;10;2,1;5;9;1,2;0;6;26,2;0;7;98,2;0;8;20,2;0;9;17,2;4;6;75,2;4;7;73,2;4;8;61,2;4;9;24,2;5;8;11,2;5;9;10,3;0;6;3,3;0;7;8,3;0;8;5,3;0;9;5,3;4;6;14,3;4;7;25,3;4;8;16,3;4;9;11,3;5;9;2,
Paciente199
0;4;9;5,0;5;8;6,0;5;9;1,1;4;5;35,1;4;6;49,1;4;7;38,1;4;8;18,1;4;9;24,1;4;10;3,1;5;4;5,1;5;5;11,1;5;6;70,1;5;7;37,1;5;8;39,1;5;9;8,1;5;10;2,2;4;5;2,2;4;6;5,2;4;7;1,2;4;9;2,2;5;5;3,2;5;7;8,2;5;8;7,2;5;9;5,2;5;10;1,
Paciente200
2;0;9;1,2;4;5;10,2;4;6;46,2;4;7;30,2;4;8;6,2;4;9;10,2;5;5;7,2;5;6;49,2;5;7;40,2;5;8;17,2;5;9;16,2;5;10;2,2;6;9;1,3;0;9;8,3;4;5;4,3;4;6;8,3;4;7;15,3;4;8;21,3;4;9;5,3;5;5;7,3;5;6;8,3;5;7;27,3;5;8;15,3;5;9;4,3;6;8;4,3;6;9;5,
Paciente201
0;4;6;2,0;4;7;13,0;4;8;18,0;4;9;7,0;5;6;2,0;5;9;14,0;5;10;3,1;0;7;4,1;0;8;18,1;4;5;17,1;4;6;68,1;4;7;78,1;4;8;18,1;5;6;26,1;5;7;24,1;5;8;13,1;5;9;16,2;4;6;1,2;4;7;9,2;4;8;2,
Paciente202
1;0;8;1,1;0;9;4,1;4;7;23,1;4;8;47,1;4;9;20,1;4;10;1,1;5;8;9,1;5;9;7,1;5;10;1,2;0;8;28,2;0;9;22,2;4;6;17,2;4;7;124,2;4;8;46,2;4;9;1,2;5;6;5,2;5;7;42,2;5;8;20,2;5;9;7,3;4;8;10,3;4;9;9,3;5;9;1,
Paciente203
0;0;9;6,0;0;10;1,0;4;7;9,0;4;8;32,0;4;9;13,0;4;10;1,0;5;7;4,0;5;8;12,0;5;9;5,1;0;6;21,1;0;7;45,1;0;8;57,1;0;9;26,1;0;10;1,1;4;6;33,1;4;7;127,1;4;8;19,1;4;9;5,1;5;6;7,1;5;7;24,1;5;8;5,1;5;9;1,2;0;6;10,2;0;7;6,2;0;8;4,2;4;6;17,2;4;7;40,2;4;8;12,
Paciente204
1;0;9;4,1;0;10;1,1;4;5;5,1;4;6;7,1;4;8;12,1;4;9;17,1;4;10;4,1;5;5;1,1;5;6;23,1;5;7;10,1;5;8;14,1;5;9;7,1;6;8;3,2;0;8;11,2;0;9;9,2;4;5;38,2;4;6;38,2;4;7;15,2;4;8;9,2;5;5;18,2;5;6;63,2;5;7;41,2;5;8;17,2;5;9;7,2;5;10;2,2;6;6;6,2;6;7;7,2;6;8;4,3;0;8;3,3;4;6;6,3;4;7;14,3;4;8;5,3;5;6;14,3;5;7;14,3;5;8;4,3;6;7;2,3;6;8;2,
Paciente205
1;0;7;27,1;0;8;14,1;0;9;17,1;4;7;25,1;4;8;11,1;4;9;8,2;0;6;6,2;0;7;118,2;0;8;59,2;0;9;25,2;0;10;2,2;1;9;4,2;1;10;5,2;4;6;2,2;4;7;73,2;4;8;61,2;4;9;18,3;0;7;3,
Paciente206
1;0;8;1,1;0;9;4,1;4;5;3,1;4;6;5,1;4;7;14,1;4;8;14,1;4;9;12,1;5;7;4,1;5;8;7,1;5;9;5,2;0;7;5,2;0;8;12,2;0;9;11,2;4;5;44,2;4;6;30,2;4;7;21,2;4;8;12,2;4;9;13,2;4;10;3,2;5;5;2,2;5;6;32,2;5;7;14,2;5;8;8,2;5;9;2,3;4;7;2,3;4;8;6,3;4;9;5,3;5;8;1,3;5;9;2,
Paciente207
1;4;5;11,1;4;7;10,1;4;8;11,1;4;9;12,1;5;5;4,1;5;6;29,1;5;7;13,1;5;8;13,1;5;9;8,2;4;5;7,2;4;6;25,2;4;7;15,2;4;8;12,2;4;9;8,2;5;5;9,2;5;6;48,2;5;7;32,2;5;8;17,2;5;9;9,2;5;10;3,3;4;8;1,3;5;8;2,
Paciente208
1;4;5;2,1;4;6;30,1;4;7;15,1;4;8;5,1;4;9;9,2;0;9;9,2;4;4;4,2;4;5;65,2;4;6;58,2;4;7;49,2;4;8;45,2;4;9;20,2;4;10;2,2;5;5;5,2;5;6;1,2;5;7;9,2;5;8;8,2;5;9;5,
Paciente209
1;0;8;4,1;0;9;7,1;4;6;15,1;4;7;14,1;4;8;23,1;4;9;8,1;4;10;5,1;5;6;8,1;5;7;16,1;5;8;11,1;5;9;8,2;0;7;9,2;0;8;12,2;0;9;11,2;4;5;10,2;4;6;47,2;4;7;29,2;4;8;2,2;4;9;14,2;5;5;5,2;5;6;25,2;5;7;26,2;5;8;3,2;5;9;7,3;0;9;3,3;4;7;5,3;4;8;6,3;4;9;3,3;5;7;2,3;5;8;2,3;5;9;3,
Paciente210
1;4;5;4,1;4;6;10,1;4;7;23,1;4;8;6,1;4;9;14,1;4;10;4,1;5;6;8,1;5;7;7,1;5;8;5,1;5;9;9,1;5;10;2,2;4;5;18,2;4;6;84,2;4;7;52,2;4;8;43,2;4;9;11,2;5;5;9,2;5;6;62,2;5;7;35,2;5;8;25,2;5;9;4,
Paciente211
1;0;9;2,1;4;8;5,1;4;9;1,2;0;5;20,2;0;6;35,2;0;7;29,2;0;8;25,2;0;9;3,2;4;4;2,2;4;5;23,2;4;6;93,2;4;7;59,2;4;8;21,3;0;5;4,3;0;6;1,3;0;7;5,3;0;8;2,3;0;9;10,3;4;5;1,3;4;6;25,3;4;7;4,3;4;8;6,3;4;9;8,3;4;10;1,
Paciente212
1;0;8;6,1;0;9;20,1;0;10;2,1;4;6;62,1;4;7;107,1;4;8;48,1;4;9;18,1;4;10;1,1;5;6;3,1;5;7;21,1;5;8;16,1;5;9;6,2;4;6;30,2;4;7;28,2;4;8;34,2;4;9;13,
Paciente213
1;0;9;1,1;4;6;4,1;4;7;7,1;4;8;25,1;4;9;8,2;0;7;1,2;0;8;16,2;0;9;14,2;0;10;3,2;4;5;11,2;4;6;73,2;4;7;76,2;4;8;45,2;4;9;11,2;5;7;7,2;5;8;3,2;5;9;2,3;4;8;1,3;4;9;6,3;4;10;1,
Paciente214
1;0;7;2,1;0;8;6,1;0;9;11,1;4;7;37,1;4;8;40,1;4;9;28,1;4;10;3,1;5;7;7,1;5;8;6,2;0;6;17,2;0;7;36,2;0;8;20,2;0;9;17,2;0;10;2,2;4;6;31,2;4;7;81,2;4;8;57,2;4;9;22,2;5;6;13,2;5;7;20,2;5;8;11,2;5;9;2,3;0;9;1,3;4;7;14,3;4;8;4,3;4;9;2,
Paciente215
1;4;6;7,1;4;7;12,1;4;8;15,1;4;9;21,1;4;10;2,1;5;7;8,1;5;8;3,1;5;9;3,2;0;9;7,2;0;10;3,2;4;5;12,2;4;6;88,2;4;7;43,2;4;8;22,2;4;9;34,2;4;10;2,2;5;6;49,2;5;7;42,2;5;8;32,2;5;9;16,3;4;8;9,3;4;9;10,3;5;8;4,3;5;9;5,
Paciente216
1;0;7;9,1;0;8;23,1;0;9;9,1;4;6;11,1;4;7;59,1;4;8;28,1;4;9;10,2;0;6;15,2;0;7;30,2;0;8;11,2;0;9;21,2;0;10;2,2;4;6;16,2;4;7;54,2;4;8;25,2;4;9;10,
Paciente217
1;0;10;1,1;4;8;25,1;4;9;11,1;4;10;3,2;0;7;2,2;0;8;25,2;0;9;12,2;0;10;8,2;4;5;9,2;4;6;58,2;4;7;85,2;4;8;40,2;4;9;13,2;5;8;8,2;5;9;11,3;0;9;2,3;4;8;11,3;4;9;12,
Paciente218
1;4;4;7,1;4;5;6,1;4;6;3,1;4;7;11,1;4;8;16,1;4;9;16,1;4;10;3,1;5;4;1,1;5;5;15,1;5;6;33,1;5;7;37,1;5;8;28,1;5;9;3,2;4;4;3,2;4;5;3,2;4;6;4,2;4;7;6,2;4;8;5,2;4;9;3,2;5;4;1,2;5;5;9,2;5;6;24,2;5;7;24,2;5;8;17,2;5;9;3,
Paciente219
1;4;6;18,1;4;7;13,1;4;8;8,1;4;9;13,1;4;10;3,1;5;6;39,1;5;7;36,1;5;8;10,1;5;9;23,2;4;5;1,2;4;6;9,2;4;7;8,2;4;8;2,2;4;9;2,2;5;5;3,2;5;6;25,2;5;7;25,2;5;8;16,2;5;9;7,
Paciente220
0;4;8;11,0;4;9;10,1;0;5;1,1;0;6;3,1;0;7;16,1;0;8;20,1;0;9;20,1;0;10;4,1;4;5;12,1;4;6;81,1;4;7;82,1;4;8;31,1;4;9;17,2;4;8;5,
Paciente221
0;4;8;11,0;4;9;10,0;4;10;3,0;5;7;4,0;5;8;8,0;5;9;11,1;4;5;23,1;4;6;69,1;4;7;62,1;4;8;34,1;4;9;27,1;5;5;18,1;5;6;75,1;5;7;54,1;5;8;36,1;5;9;28,
Paciente222
2;4;5;11,2;4;6;57,2;4;7;33,2;4;8;16,2;4;9;11,2;4;10;2,2;5;4;2,2;5;5;18,2;5;6;78,2;5;7;37,2;5;8;22,2;5;9;23,2;5;10;2,3;4;5;1,3;4;6;7,3;4;7;10,3;4;8;19,3;4;9;5,3;5;4;3,3;5;6;3,3;5;7;19,3;5;8;14,3;5;9;13,
Paciente223
0;0;8;12,0;0;9;12,0;4;5;40,0;4;6;18,0;4;7;40,0;4;8;17,0;4;9;11,0;4;10;5,0;5;5;29,0;5;6;56,0;5;7;30,0;5;8;21,0;5;9;4,0;6;7;5,0;6;8;5,1;4;5;25,1;4;6;17,1;4;7;6,1;4;8;7,1;4;9;1,1;5;5;12,1;5;6;28,1;5;7;21,1;5;8;16,1;5;9;5,
Paciente224
1;4;7;43,1;4;8;14,1;4;9;14,1;5;6;17,1;5;7;36,1;5;8;14,1;5;9;10,2;4;6;6,2;4;7;57,2;4;8;19,2;4;9;13,2;5;6;30,2;5;7;42,2;5;8;29,2;5;9;31,2;5;10;3,
Paciente225
1;0;7;2,1;0;8;5,1;0;9;7,1;0;10;2,1;4;6;16,1;4;7;26,1;4;8;16,1;4;9;8,1;5;9;2,2;0;6;27,2;0;7;27,2;0;8;14,2;0;9;18,2;4;5;18,2;4;6;129,2;4;7;110,2;4;8;4,2;4;9;1,2;5;7;13,2;5;8;5,2;5;9;5,3;0;7;1,3;0;8;3,3;0;9;5,3;4;7;2,3;4;8;17,3;4;9;8,
Paciente226
1;0;7;13,1;0;8;28,1;0;9;18,1;4;6;23,1;4;7;38,1;4;8;36,1;4;9;9,1;5;7;8,1;5;8;5,1;5;9;4,2;0;6;27,2;0;7;44,2;0;8;17,2;0;9;6,2;1;9;7,2;4;6;33,2;4;7;73,2;4;8;25,2;5;6;3,2;5;7;6,2;5;8;8,2;5;9;5,3;0;8;3,3;0;9;4,3;0;10;3,3;4;7;4,3;4;8;4,3;4;9;3,3;4;10;2,3;5;10;1,
Paciente227
1;0;6;2,1;0;7;5,1;0;8;1,1;0;9;6,1;4;6;7,1;4;7;8,1;4;8;5,1;4;9;7,1;5;7;1,1;5;9;3,2;0;5;5,2;0;6;62,2;0;7;12,2;0;8;2,2;1;7;4,2;1;8;4,2;1;9;5,2;4;5;13,2;4;6;53,2;4;7;26,2;4;8;17,2;4;9;24,2;5;5;7,2;5;6;13,2;5;7;8,2;5;8;4,2;5;9;1,2;6;9;2,3;0;5;10,3;0;6;12,3;0;7;14,3;1;7;1,3;1;8;7,3;1;9;4,3;2;8;1,3;2;9;4,3;3;8;1,3;3;10;2,3;4;5;25,3;4;6;12,3;4;7;2,3;4;8;8,3;5;5;8,3;5;6;2,3;5;7;7,3;5;8;3,3;6;8;6,3;6;9;5,3;7;8;1,3;7;9;2,3;7;10;1,
Paciente228
1;0;9;4,1;4;7;5,1;4;8;10,1;4;9;10,2;0;5;7,2;0;6;30,2;0;7;18,2;0;9;16,2;4;4;3,2;4;5;67,2;4;6;59,2;4;7;37,2;4;8;23,2;4;9;16,2;4;10;2,3;0;6;1,3;0;7;3,3;0;8;3,3;0;9;1,3;4;5;4,3;4;6;6,3;4;7;4,3;4;8;4,
Paciente229
1;4;9;4,1;4;10;1,2;0;5;20,2;0;6;3,2;0;7;3,2;0;8;20,2;0;9;4,2;0;10;4,2;4;4;21,2;4;5;83,2;4;6;24,2;4;7;14,2;4;8;13,2;4;9;1,2;4;10;2,2;5;5;6,2;5;6;3,2;5;7;6,2;5;8;2,3;0;4;2,3;0;5;9,3;0;7;7,3;0;8;2,3;4;3;4,3;4;4;2,3;4;5;44,3;4;6;16,3;4;7;13,3;4;8;6,3;5;5;4,3;5;7;3,3;5;8;1,
Paciente230
2;0;10;4,2;4;5;4,2;4;6;28,2;4;7;36,2;4;8;19,2;4;9;11,2;4;10;3,2;5;6;43,2;5;7;34,2;5;8;21,2;5;9;5,3;0;8;5,3;0;9;12,3;4;5;21,3;4;6;21,3;4;7;20,3;4;8;13,3;4;9;3,3;5;5;4,3;5;6;34,3;5;7;37,3;5;8;21,3;5;9;7,3;6;8;3,3;6;9;4,
Paciente231
1;4;4;2,1;4;5;2,1;4;6;18,1;4;7;16,1;4;8;16,1;4;9;7,1;5;4;9,1;5;5;23,1;5;6;10,1;5;7;15,1;5;8;20,2;4;3;4,2;4;4;8,2;4;5;31,2;4;6;27,2;4;7;9,2;4;8;11,2;5;3;6,2;5;4;12,2;5;5;38,2;5;6;34,2;5;7;20,2;5;8;32,2;5;9;14,2;5;10;2,
Paciente232
1;4;6;3,1;4;7;19,1;4;8;7,1;4;9;10,1;5;6;7,1;5;7;5,1;5;8;9,1;5;9;11,2;4;5;12,2;4;6;53,2;4;7;44,2;4;8;18,2;4;9;3,2;5;5;3,2;5;6;74,2;5;7;26,2;5;8;13,2;5;9;8,3;4;6;2,3;4;7;4,3;4;8;4,3;4;9;7,3;5;6;1,3;5;7;2,3;5;8;7,3;5;9;6,3;5;10;2,
Paciente233
1;4;5;10,1;4;6;54,1;4;7;22,1;4;8;33,1;4;9;20,1;4;10;5,1;5;6;10,1;5;7;27,1;5;8;15,1;5;9;7,2;4;5;2,2;4;6;36,2;4;7;22,2;4;8;25,2;4;9;13,2;5;6;6,2;5;7;10,2;5;8;5,
Paciente234
1;0;7;1,1;0;8;4,1;0;9;7,1;4;6;15,1;4;7;42,1;4;8;23,1;4;9;12,1;5;6;6,1;5;7;26,1;5;8;19,1;5;9;5,2;0;7;11,2;0;8;12,2;0;9;11,2;4;5;11,2;4;6;40,2;4;7;66,2;4;8;20,2;5;6;27,2;5;7;61,2;5;8;34,2;5;9;4,3;0;8;1,3;0;9;4,3;4;6;2,3;4;7;3,3;4;8;12,3;4;9;3,3;4;10;2,3;5;7;2,3;5;8;9,3;5;9;6,3;5;10;1,
Paciente235
1;0;8;2,1;0;9;3,1;0;10;3,1;4;6;24,1;4;7;44,1;4;8;20,1;4;9;14,1;5;6;6,1;5;7;4,1;5;8;1,1;5;9;7,2;0;8;10,2;0;9;11,2;0;10;1,2;4;5;16,2;4;6;94,2;4;7;60,2;4;8;29,2;4;9;17,2;5;5;8,2;5;6;30,2;5;7;10,2;5;8;3,2;5;9;8,3;4;9;5,
Paciente236
1;4;6;13,1;4;7;58,1;4;8;8,1;4;9;13,1;4;10;6,1;5;6;9,1;5;7;32,1;5;8;8,1;5;9;2,2;4;5;1,2;4;6;36,2;4;7;31,2;4;8;35,2;4;9;6,2;5;6;3,2;5;7;43,2;5;8;16,
Paciente237
1;0;8;6,1;0;9;8,1;0;10;2,1;4;6;12,1;4;7;71,1;4;8;30,1;4;9;10,1;5;7;28,2;0;7;9,2;0;8;13,2;0;9;13,2;0;10;3,2;4;6;55,2;4;7;61,2;4;8;29,2;4;9;5,2;5;6;8,2;5;7;24,2;5;8;9,
Paciente238
2;4;9;7,2;5;5;9,2;5;6;90,2;5;7;94,2;5;8;60,2;5;9;12,2;5;10;4,3;5;6;3,3;5;7;9,3;5;8;10,3;5;9;9,
Paciente239
1;0;8;1,1;0;9;6,1;4;7;58,1;4;8;26,1;4;9;22,1;5;7;73,1;5;8;37,1;5;9;3,1;6;8;3,2;0;8;7,2;0;9;3,2;0;10;6,2;4;6;43,2;4;7;72,2;4;8;22,2;4;9;2,2;5;6;8,2;5;7;116,2;5;8;31,2;5;9;8,2;6;8;6,2;6;9;3,3;0;10;2,3;4;7;2,3;4;8;4,3;4;9;3,3;4;10;1,3;5;7;4,3;5;8;5,3;5;9;6,
Paciente240
2;0;6;23,2;0;7;22,2;0;8;14,2;0;9;11,2;0;10;1,2;1;8;1,2;1;9;1,2;4;5;10,2;4;6;39,2;4;7;38,2;4;8;11,2;4;9;8,2;4;10;2,2;5;6;7,2;5;7;5,2;5;8;7,2;5;9;5,3;0;6;50,3;0;7;20,3;1;7;6,3;1;8;16,3;2;8;3,3;3;9;2,3;4;5;2,3;4;6;21,3;4;7;36,3;4;8;18,3;4;9;19,3;5;5;8,3;5;6;23,3;5;7;13,3;5;8;6,3;6;7;1,3;6;8;8,3;6;9;1,3;7;8;1,3;7;9;1,
Paciente241
0;4;7;3,0;4;8;4,0;4;9;4,0;5;7;9,0;5;8;14,0;5;9;6,1;0;9;9,1;4;4;6,1;4;5;29,1;4;6;46,1;4;7;33,1;4;8;21,1;4;9;14,1;5;5;46,1;5;6;60,1;5;7;31,1;5;8;17,1;5;9;6,1;5;10;3,2;4;5;3,2;4;6;1,2;5;5;4,2;5;6;10,2;5;7;3,2;5;8;8,2;5;9;11,
Paciente242
1;0;9;2,1;4;6;12,1;4;7;13,1;4;8;19,1;4;9;20,1;4;10;3,1;5;8;4,1;5;9;2,2;0;9;10,2;4;5;13,2;4;6;40,2;4;7;44,2;4;8;40,2;4;9;27,2;5;6;5,2;5;7;9,2;5;8;6,2;5;9;5,
Paciente243
1;0;6;12,1;0;7;8,1;0;8;13,1;0;9;15,1;4;5;1,1;4;6;49,1;4;7;19,1;4;8;9,1;4;9;16,2;0;5;3,2;0;6;24,2;0;7;6,2;0;8;9,2;0;9;13,2;4;5;17,2;4;6;35,2;4;7;17,2;4;8;16,2;4;9;20,2;4;10;2,
Paciente244
1;0;9;4,1;4;5;10,1;4;6;54,1;4;7;35,1;4;8;21,1;4;9;16,1;4;10;5,1;5;7;5,1;5;8;2,1;5;9;5,2;0;9;1,2;4;5;2,2;4;6;59,2;4;7;54,2;4;8;17,2;4;9;14,2;5;7;2,2;5;8;4,
Paciente245
1;0;7;10,1;0;8;13,1;4;7;10,1;4;8;31,1;4;9;18,2;0;7;32,2;0;8;55,2;0;9;14,2;0;10;2,2;4;5;1,2;4;6;25,2;4;7;32,2;4;8;38,2;4;9;18,2;4;10;1,
Paciente246
0;4;8;6,0;4;9;10,0;4;10;3,0;5;8;6,0;5;9;4,1;0;6;4,1;0;7;31,1;0;8;19,1;0;9;17,1;4;5;3,1;4;6;46,1;4;7;34,1;4;8;34,1;4;9;18,1;4;10;3,1;5;7;32,1;5;8;10,1;5;9;1,2;0;7;8,2;0;8;6,2;4;6;3,2;4;7;56,2;4;8;7,
Paciente247
0;4;8;6,0;4;9;10,0;4;10;3,0;5;8;6,0;5;9;4,1;0;6;4,1;0;7;31,1;0;8;19,1;0;9;17,1;4;5;3,1;4;6;46,1;4;7;34,1;4;8;34,1;4;9;18,1;4;10;3,1;5;7;32,1;5;8;10,1;5;9;1,2;0;7;8,2;0;8;6,2;4;6;3,2;4;7;56,2;4;8;7,
Paciente248
0;0;9;4,0;4;8;7,0;4;9;7,0;5;8;2,0;5;9;6,1;0;7;8,1;0;8;21,1;0;9;11,1;4;6;35,1;4;7;24,1;4;8;8,1;5;5;6,1;5;6;31,1;5;7;19,1;5;8;7,1;5;9;2,1;6;8;5,1;6;9;1,2;0;7;9,2;0;8;5,2;0;9;4,2;4;6;34,2;4;7;11,2;4;8;17,2;4;9;3,2;5;5;2,2;5;6;20,2;5;7;13,2;5;8;10,2;5;9;5,2;5;10;2,2;6;9;4,3;0;9;1,3;4;9;1,3;5;9;1,
Paciente249
1;4;6;11,1;4;7;18,1;4;8;17,1;5;6;16,1;5;7;12,1;5;8;9,2;0;7;7,2;0;8;12,2;0;9;7,2;4;5;57,2;4;6;58,2;4;7;26,2;4;8;12,2;4;9;5,2;5;4;13,2;5;5;49,2;5;6;62,2;5;7;28,2;5;8;16,2;5;9;10,2;5;10;4,2;6;7;6,2;6;8;11,3;0;7;4,3;0;9;7,3;4;4;4,3;4;5;10,3;4;6;11,3;4;7;9,3;4;8;2,3;4;9;3,3;5;4;7,3;5;5;8,3;5;6;9,3;5;8;6,3;5;9;2,3;6;7;4,3;6;9;9,
Paciente250
1;0;6;4,1;0;7;7,1;0;8;10,1;0;9;12,1;4;5;14,1;4;6;45,1;4;7;28,1;4;8;13,1;4;9;8,1;5;6;10,1;5;8;7,2;0;6;13,2;0;7;6,2;0;8;12,2;0;9;12,2;4;4;11,2;4;5;36,2;4;6;33,2;4;7;34,2;4;8;25,2;4;9;11,2;5;6;7,2;5;7;5,2;5;8;4,2;5;9;3,3;0;9;1,3;4;9;3,3;4;10;2,
Paciente251
2;4;5;29,2;4;6;24,2;4;7;21,2;4;8;24,2;4;9;24,2;5;5;25,2;5;6;40,2;5;7;28,2;5;8;15,2;5;9;29,3;0;9;8,3;0;10;1,3;4;4;8,3;4;5;19,3;4;6;17,3;4;7;15,3;4;8;19,3;4;9;5,3;4;10;2,3;5;5;28,3;5;6;20,3;5;7;23,3;5;8;17,3;5;9;10,3;6;8;3,
Paciente252
0;0;7;1,0;0;8;15,0;0;9;3,0;4;6;12,0;4;7;11,0;4;8;13,1;0;5;15,1;0;6;53,1;0;7;30,1;0;8;23,1;0;9;8,1;1;9;13,1;4;5;24,1;4;6;59,1;4;7;21,1;4;8;11,1;4;9;7,1;4;10;1,2;0;6;11,2;4;6;8,2;4;7;3,2;4;8;4,2;4;9;4,2;4;10;1,
Paciente253
0;0;8;6,0;0;9;11,0;4;6;1,0;4;7;18,0;4;8;16,0;4;9;4,1;0;6;50,1;0;7;43,1;0;8;24,1;0;9;7,1;1;8;1,1;1;9;14,1;4;5;15,1;4;6;57,1;4;7;30,1;4;8;11,1;4;9;7,1;4;10;3,2;0;6;13,2;0;7;4,2;4;6;7,2;4;7;5,2;4;8;3,2;4;9;3,2;4;10;1,
Paciente254
2;4;5;31,2;4;6;36,2;4;7;40,2;4;8;39,2;4;9;23,2;4;10;2,2;5;5;14,2;5;6;41,2;5;7;34,2;5;8;20,2;5;9;7,3;4;5;3,3;4;6;25,3;4;7;24,3;4;8;14,3;4;9;2,3;5;5;1,3;5;6;10,3;5;7;15,3;5;8;23,
Paciente255
2;0;8;6,2;0;9;9,2;4;6;41,2;4;7;40,2;4;8;27,2;4;9;26,2;5;6;24,2;5;7;19,2;5;8;5,2;5;9;12,3;0;8;5,3;0;9;8,3;4;6;28,3;4;7;16,3;4;8;10,3;4;9;1,3;4;10;4,3;5;6;14,3;5;7;7,3;5;8;4,3;5;9;8,
Paciente256
0;4;9;8,0;4;10;2,1;0;7;4,1;0;8;11,1;0;9;19,1;4;5;7,1;4;6;26,1;4;7;59,1;4;8;53,1;4;9;16,1;4;10;4,1;5;6;15,1;5;7;44,1;5;8;17,1;5;9;1,2;0;8;3,2;0;9;5,2;4;6;5,2;4;7;68,2;4;8;38,2;4;9;11,2;5;6;1,2;5;7;6,
Paciente257
0;4;9;8,0;4;10;2,1;0;7;4,1;0;8;11,1;0;9;19,1;4;5;7,1;4;6;26,1;4;7;59,1;4;8;53,1;4;9;16,1;4;10;4,1;5;6;15,1;5;7;44,1;5;8;17,1;5;9;1,2;0;8;3,2;0;9;5,2;4;6;5,2;4;7;68,2;4;8;38,2;4;9;11,2;5;6;1,2;5;7;6,
Paciente258
1;0;7;2,1;0;8;6,1;0;9;8,1;4;5;9,1;4;6;31,1;4;7;16,1;4;8;13,1;4;9;5,1;4;10;6,1;5;5;2,1;5;6;8,1;5;7;7,1;5;8;5,1;5;9;7,2;0;7;12,2;0;8;13,2;0;9;9,2;4;5;51,2;4;6;43,2;4;7;30,2;4;8;36,2;4;9;1,2;5;5;26,2;5;6;18,2;5;7;15,2;5;8;13,2;5;9;8,3;0;8;1,3;4;7;6,3;4;8;5,3;5;8;1,
Paciente259
0;0;7;2,0;0;9;7,0;4;6;6,0;4;7;6,0;4;8;7,0;4;9;4,0;4;10;2,1;0;4;2,1;0;5;25,1;0;6;19,1;0;7;20,1;0;8;24,1;0;9;3,1;4;4;6,1;4;5;44,1;4;6;44,1;4;7;1,1;4;8;19,
Paciente260
1;0;8;5,1;0;9;6,1;0;10;2,1;4;5;7,1;4;6;50,1;4;7;38,1;4;8;24,1;4;9;20,1;5;9;3,2;0;8;5,2;0;9;9,2;0;10;2,2;4;4;17,2;4;5;19,2;4;6;15,2;4;7;53,2;4;8;39,2;4;9;21,2;5;9;3,
Paciente261
0;3;9;1,0;4;9;5,0;5;9;8,0;6;9;4,0;7;9;2,1;0;5;1,1;0;6;6,1;0;7;6,1;0;8;6,1;0;9;14,1;1;9;8,1;2;10;2,1;3;10;1,1;4;5;26,1;4;6;20,1;4;7;1,1;4;8;11,1;4;9;7,1;5;5;22,1;5;6;12,1;5;7;5,1;5;8;6,1;6;8;5,2;0;5;10,2;0;6;9,2;0;8;5,2;1;8;5,2;4;4;9,2;4;5;35,2;4;6;22,2;4;7;15,2;4;8;17,2;4;9;13,2;5;5;26,2;5;6;8,2;5;7;8,2;5;8;9,2;5;9;8,2;7;8;1,3;2;8;1,
Paciente262
1;0;9;2,1;4;6;5,1;4;7;24,1;4;8;31,1;4;9;14,1;5;7;21,1;5;8;21,1;5;9;6,2;0;8;11,2;0;9;8,2;0;10;4,2;4;6;80,2;4;7;46,2;4;8;19,2;4;9;5,2;5;6;47,2;5;7;62,2;5;8;23,2;5;9;14,3;0;8;1,3;0;9;2,3;0;10;1,3;4;6;5,3;4;7;6,3;4;8;7,3;4;10;5,3;5;6;2,3;5;7;5,3;5;8;6,3;5;9;7,
Paciente263
2;0;8;20,2;0;9;19,2;0;10;1,2;4;5;12,2;4;6;50,2;4;7;89,2;4;8;30,2;4;9;21,2;5;6;1,2;5;7;51,2;5;8;21,2;5;9;12,3;0;8;2,3;0;9;11,3;4;5;2,3;4;6;2,3;4;7;16,3;4;8;17,3;4;9;10,3;5;7;7,3;5;8;7,3;5;9;8,
Paciente264
1;4;4;1,1;4;5;7,1;4;6;35,1;4;7;32,1;4;8;18,1;4;9;18,1;5;5;13,1;5;6;51,1;5;7;34,1;5;8;22,1;5;9;2,2;4;4;7,2;4;5;17,2;4;6;10,2;4;7;18,2;4;8;7,2;4;9;4,2;4;10;5,2;5;5;10,2;5;6;27,2;5;7;22,2;5;8;36,2;5;9;4,2;5;10;4,
Paciente265
1;4;5;12,1;4;6;78,1;4;7;26,1;4;8;18,1;4;9;8,1;5;4;3,1;5;5;16,1;5;6;45,1;5;7;38,1;5;8;14,1;5;9;6,2;4;5;36,2;4;6;35,2;4;7;19,2;4;8;23,2;4;9;13,2;5;4;12,2;5;5;28,2;5;6;20,2;5;7;12,2;5;8;13,2;5;9;18,2;5;10;1,
Paciente266
1;4;5;3,1;4;6;2,1;4;7;11,1;4;8;6,1;4;9;19,1;4;10;3,1;5;6;17,1;5;7;12,1;5;8;5,2;4;4;8,2;4;5;44,2;4;6;27,2;4;7;32,2;4;8;20,2;4;9;16,2;5;4;3,2;5;5;26,2;5;6;72,2;5;7;58,2;5;8;25,2;5;9;6,
Paciente267
0;4;9;12,0;5;9;7,1;0;9;16,1;0;10;3,1;4;6;20,1;4;7;51,1;4;8;33,1;4;9;18,1;5;6;15,1;5;7;49,1;5;8;31,1;5;9;21,1;6;9;1,2;0;8;1,2;0;9;9,2;4;5;16,2;4;6;9,2;4;7;29,2;4;8;45,2;4;9;5,2;5;6;9,2;5;7;35,2;5;8;42,2;5;9;10,2;5;10;2,2;6;9;1,3;4;10;2,3;5;10;1,
Paciente268
0;0;8;1,0;0;9;5,0;4;8;5,0;4;9;3,0;5;8;4,0;5;9;3,0;6;9;3,0;7;9;1,1;0;7;10,1;0;8;15,1;0;9;15,1;1;8;2,1;1;9;7,1;4;7;18,1;4;8;8,1;5;7;7,1;5;8;6,1;6;8;8,1;7;9;5,2;0;6;1,2;0;7;38,2;0;8;4,2;1;7;15,2;1;8;13,2;1;9;8,2;2;8;2,2;2;9;8,2;3;8;2,2;3;9;4,2;3;10;3,2;4;6;15,2;4;7;4,2;4;8;6,2;4;9;5,2;5;6;3,2;5;7;11,2;6;7;3,2;6;8;4,2;7;8;7,2;7;9;2,3;0;6;9,3;0;7;8,3;0;8;2,3;1;6;9,3;1;7;1,3;2;7;5,3;2;8;5,3;3;7;1,3;3;8;6,3;4;7;10,3;4;9;5,3;5;7;12,3;6;7;4,3;7;7;3,3;7;8;4,
Paciente269
0;4;9;8,0;5;9;7,1;0;9;5,1;0;10;5,1;4;5;3,1;4;6;32,1;4;7;44,1;4;8;32,1;4;9;25,1;4;10;2,1;5;6;17,1;5;7;37,1;5;8;34,1;5;9;18,2;4;6;2,2;4;7;15,2;4;8;5,2;5;7;1,
Paciente270
1;4;6;15,1;4;7;9,1;4;8;11,1;4;9;11,1;5;6;52,1;5;7;16,1;5;8;14,1;5;9;11,1;6;8;2,1;6;9;6,2;4;6;47,2;4;7;9,2;4;8;18,2;4;9;11,2;5;6;79,2;5;7;50,2;5;8;27,2;5;9;11,2;5;10;2,2;6;8;7,2;6;9;9,3;4;9;3,3;5;8;4,3;5;9;6,
Paciente271
1;0;6;2,1;0;7;7,1;0;8;9,1;0;9;1,1;4;6;5,1;4;7;30,1;4;8;23,1;4;9;14,2;0;6;23,2;0;7;20,2;0;8;17,2;0;9;10,2;4;5;18,2;4;6;38,2;4;7;64,2;4;8;32,2;4;9;15,3;4;9;2,3;4;10;2,
Paciente272
1;0;6;3,1;0;7;12,1;0;8;19,1;0;9;20,1;0;10;4,1;4;6;36,1;4;7;57,1;4;8;28,1;4;9;3,1;5;9;4,2;0;5;5,2;0;6;10,2;0;7;8,2;0;8;18,2;0;9;12,2;4;5;5,2;4;6;26,2;4;7;47,2;4;8;38,2;4;9;5,
Paciente273
0;4;9;12,0;4;10;2,0;5;9;1,1;0;6;2,1;0;7;38,1;0;8;25,1;0;9;14,1;4;5;22,1;4;6;61,1;4;7;35,1;4;8;22,1;4;9;16,1;4;10;1,1;5;6;4,1;5;7;22,1;5;8;16,1;5;9;4,2;0;6;8,2;0;7;30,2;0;8;12,2;4;6;25,2;4;7;93,2;4;8;37,2;5;7;1,
Paciente274
1;4;6;32,1;4;7;22,1;4;8;20,1;4;9;22,1;5;7;3,1;5;8;5,1;5;9;6,2;0;9;10,2;4;6;92,2;4;7;89,2;4;8;64,2;4;9;16,2;4;10;2,2;5;6;22,2;5;7;21,2;5;8;13,2;5;9;8,2;5;10;2,
Paciente275
1;0;8;3,1;0;9;5,1;4;8;7,1;4;9;5,1;5;9;1,2;0;3;4,2;0;4;14,2;0;5;27,2;0;6;25,2;0;7;11,2;0;8;2,2;0;9;2,2;1;6;3,2;1;7;11,2;1;8;9,2;4;3;1,2;4;4;16,2;4;5;32,2;4;6;36,2;4;7;17,2;4;8;8,2;4;9;3,2;5;5;4,2;5;6;4,2;5;7;5,2;5;8;2,2;5;9;3,2;6;9;2,3;0;3;3,3;0;4;16,3;0;5;17,3;0;6;19,3;0;7;13,3;1;5;8,3;1;6;19,3;1;7;4,3;1;8;1,3;2;6;2,3;2;7;4,3;2;8;7,3;2;9;4,3;3;6;2,3;3;7;1,3;3;8;4,3;3;9;3,3;4;3;10,3;4;4;16,3;4;5;16,3;4;6;20,3;4;7;23,3;4;8;16,3;4;9;17,3;4;10;9,3;5;4;8,3;5;5;22,3;5;6;7,3;5;7;1,3;5;8;1,3;6;6;3,3;6;7;5,3;6;8;3,3;7;6;1,3;7;7;3,3;7;8;5,
Paciente276
1;0;10;3,1;4;5;2,1;4;6;18,1;4;7;6,1;4;8;28,1;4;9;21,1;4;10;1,1;5;6;15,1;5;7;26,1;5;8;19,1;5;9;10,2;0;9;4,2;0;10;5,2;4;5;6,2;4;6;52,2;4;7;11,2;4;8;28,2;4;9;5,2;5;6;40,2;5;7;48,2;5;8;28,2;5;9;4,3;4;8;3,3;4;9;5,3;5;8;1,3;5;9;5,
Paciente277
1;4;6;28,1;4;7;25,1;4;8;5,1;4;9;19,1;5;6;28,1;5;7;73,1;5;8;13,1;5;9;10,1;5;10;3,2;4;6;25,2;4;7;6,2;4;8;12,2;4;9;2,2;5;6;23,2;5;7;52,2;5;8;26,
Paciente278
2;0;6;1,2;0;7;5,2;0;8;9,2;0;9;10,2;0;10;1,2;4;5;6,2;4;6;67,2;4;7;33,2;4;8;10,2;4;9;20,2;5;5;5,2;5;6;7,2;5;7;4,2;5;8;1,2;5;9;3,3;0;6;5,3;0;7;2,3;0;8;7,3;0;9;9,3;0;10;2,3;4;5;33,3;4;6;21,3;4;7;11,3;4;8;6,3;4;9;9,3;5;5;8,3;5;6;2,3;5;7;8,3;5;8;10,
Paciente279
1;0;7;1,1;0;8;4,1;0;9;1,1;4;6;5,1;4;7;16,1;4;8;30,1;4;9;19,1;4;10;3,1;5;7;7,1;5;8;6,1;5;9;7,2;0;6;9,2;0;7;23,2;0;8;15,2;4;5;1,2;4;6;72,2;4;7;35,2;4;8;23,2;5;6;31,2;5;7;24,2;5;8;11,2;5;9;1,3;0;8;2,3;4;6;5,3;4;7;12,3;4;8;5,
Paciente280
1;0;7;12,1;0;8;20,1;0;9;15,1;4;6;14,1;4;7;116,1;4;8;23,1;4;9;17,1;4;10;3,1;5;6;11,1;5;7;34,1;5;8;23,1;5;9;18,2;0;7;30,2;0;8;24,2;0;9;12,2;4;6;24,2;4;7;114,2;4;8;29,2;4;9;19,2;5;6;22,2;5;7;63,2;5;8;16,2;5;9;13,2;5;10;3,3;0;9;2,3;4;8;10,3;4;9;4,3;5;8;1,3;5;9;5,
Paciente281
0;4;8;4,0;4;9;13,0;4;10;2,0;5;8;4,0;5;9;2,1;0;6;8,1;0;7;13,1;0;8;8,1;0;9;13,1;4;5;49,1;4;6;97,1;4;7;45,1;4;8;26,1;4;9;16,1;5;6;7,1;5;7;9,1;5;8;7,2;4;9;2,
Paciente282
0;4;9;7,1;0;8;11,1;0;9;17,1;4;6;61,1;4;7;60,1;4;8;53,1;4;9;17,1;4;10;3,1;5;6;1,1;5;7;29,1;5;8;7,1;5;9;7,2;4;6;7,2;4;7;14,2;4;8;4,
Paciente283
1;0;6;4,1;0;7;3,1;0;8;9,1;0;9;12,1;4;6;24,1;4;7;24,1;4;8;15,1;4;9;10,2;0;5;10,2;0;6;26,2;0;7;2,2;0;8;14,2;0;9;20,2;0;10;5,2;4;4;2,2;4;5;42,2;4;6;50,2;4;7;25,2;4;8;36,2;4;9;10,
Paciente284
0;4;9;3,0;5;8;2,0;5;9;7,1;4;6;34,1;4;7;16,1;4;8;18,1;4;9;11,1;4;10;6,1;5;5;7,1;5;6;113,1;5;7;65,1;5;8;43,1;5;9;21,1;6;8;3,1;6;9;3,2;5;6;1,2;5;7;1,
Paciente285
1;0;7;8,1;0;8;7,1;0;9;9,1;4;6;31,1;4;7;40,1;4;8;19,1;4;9;2,2;0;5;1,2;0;6;7,2;0;7;13,2;0;8;13,2;0;9;14,2;4;5;11,2;4;6;80,2;4;7;52,2;4;8;34,2;4;9;11,2;4;10;2,
Paciente286
0;4;8;1,1;0;8;7,1;0;9;10,1;0;10;1,1;4;5;9,1;4;6;37,1;4;7;46,1;4;8;14,1;4;9;4,1;5;5;2,1;5;6;33,1;5;7;20,1;5;8;11,1;5;9;3,2;0;8;5,2;0;9;2,2;0;10;6,2;4;5;28,2;4;6;5,2;4;7;23,2;4;8;17,2;4;9;5,2;5;5;8,2;5;6;3,2;5;7;12,2;5;8;1,2;5;9;4,
Paciente287
1;0;8;13,1;0;9;5,1;4;8;48,1;4;9;37,1;5;8;21,1;5;9;22,1;5;10;2,2;0;8;34,2;0;9;14,2;4;3;1,2;4;8;18,2;4;9;33,2;5;8;48,2;5;9;13,3;4;8;4,3;4;9;9,
Paciente288
1;4;6;1,1;4;7;25,1;4;8;15,1;4;9;32,1;5;7;15,1;5;8;12,1;5;9;13,2;4;6;50,2;4;7;86,2;4;8;46,2;4;9;28,2;5;6;26,2;5;7;94,2;5;8;14,2;5;9;15,2;5;10;4,3;4;9;3,
Paciente289
1;4;6;17,1;4;7;46,1;4;8;30,1;4;9;33,1;4;10;5,1;5;7;36,1;5;8;30,2;4;6;39,2;4;7;117,2;4;8;39,2;4;9;21,2;5;7;104,2;5;8;31,2;5;9;13,
Paciente290
1;0;8;5,1;0;9;13,1;0;10;4,1;4;7;30,1;4;8;45,1;4;9;30,1;4;10;3,1;5;7;1,1;5;8;18,1;5;9;6,2;0;6;11,2;0;7;43,2;0;8;32,2;0;9;21,2;4;6;85,2;4;7;112,2;4;8;17,2;4;9;3,2;5;6;2,2;5;7;76,2;5;8;25,2;5;9;4,3;0;7;3,3;0;8;6,3;0;9;5,3;4;7;33,3;4;8;11,3;4;9;9,3;5;7;1,3;5;8;6,3;5;9;6,
Paciente291
1;0;6;2,1;0;7;21,1;0;8;16,1;0;9;6,1;4;7;34,1;4;8;17,1;4;9;26,1;4;10;4,1;5;7;2,1;5;8;6,1;5;9;16,1;5;10;1,2;0;6;1,2;0;7;34,2;0;8;70,2;0;9;2,2;4;5;6,2;4;6;30,2;4;7;31,2;4;8;1,2;5;7;29,2;5;8;20,2;5;9;7,3;0;7;11,3;0;8;18,3;4;7;27,3;4;8;18,3;4;9;3,3;5;7;8,3;5;8;4,
Paciente292
1;0;7;4,1;0;8;11,1;4;6;14,1;4;7;10,1;4;8;34,1;4;9;3,1;5;7;7,1;5;8;12,1;5;9;8,2;0;6;6,2;0;7;15,2;0;8;16,2;0;9;4,2;4;5;1,2;4;6;44,2;4;7;54,2;4;8;15,2;4;9;13,2;5;5;4,2;5;6;17,2;5;7;23,2;5;8;9,2;5;9;7,3;0;8;3,3;0;9;5,3;4;6;9,3;4;8;4,3;4;10;3,3;5;6;1,3;5;8;4,3;5;9;3,3;5;10;2,
Paciente293
0;0;9;3,0;4;8;7,0;4;9;4,0;4;10;3,0;5;8;6,0;5;9;7,0;5;10;1,0;6;9;2,1;0;6;2,1;0;8;11,1;0;9;14,1;4;5;4,1;4;6;39,1;4;7;23,1;4;8;8,1;5;5;2,1;5;6;34,1;5;7;31,1;5;8;3,1;6;7;7,1;6;9;13,2;0;8;2,2;0;9;1,2;4;5;4,2;4;6;21,2;4;7;7,2;4;8;11,2;4;9;8,2;5;5;1,2;5;6;15,2;5;7;13,2;5;8;8,2;5;9;8,2;6;9;1,
Paciente294
1;0;9;1,1;0;10;2,1;4;6;36,1;4;7;26,1;4;8;60,1;4;9;18,1;4;10;3,1;5;6;3,1;5;7;66,1;5;8;30,1;5;9;4,2;0;9;6,2;4;6;89,2;4;7;45,2;4;8;26,2;4;9;36,2;5;6;38,2;5;7;81,2;5;8;27,2;5;9;12,
Paciente295
0;0;8;7,0;0;9;15,0;0;10;1,0;4;7;15,0;4;8;20,0;4;9;18,0;4;10;2,0;5;7;2,0;5;8;12,0;5;9;15,1;0;6;32,1;0;7;66,1;0;8;35,1;0;9;9,1;4;6;64,1;4;7;101,1;4;8;23,1;4;9;7,1;5;7;6,2;4;6;1,2;4;7;10,2;4;8;9,2;4;9;8,2;4;10;3,
Paciente296
1;4;5;6,1;4;6;43,1;4;7;21,1;4;8;21,1;4;9;20,1;4;10;2,1;5;5;5,1;5;6;38,1;5;7;63,1;5;8;33,2;4;5;8,2;4;6;62,2;4;7;25,2;4;8;17,2;4;9;22,2;5;5;4,2;5;6;71,2;5;7;35,2;5;8;31,2;5;9;8,
Paciente297
0;4;8;1,0;4;9;5,0;4;10;1,0;5;6;2,0;5;7;8,0;5;8;13,0;5;9;4,0;5;10;1,0;6;8;1,1;4;6;5,1;4;7;5,1;4;8;14,1;4;9;12,1;5;5;23,1;5;6;98,1;5;7;31,1;5;8;37,1;6;8;5,
Paciente298
1;0;9;3,1;4;7;1,1;4;8;25,1;4;9;14,1;4;10;2,2;0;6;2,2;0;7;29,2;0;8;32,2;0;9;12,2;0;10;2,2;4;6;26,2;4;7;142,2;4;8;49,2;4;9;10,2;5;6;5,2;5;7;38,2;5;8;16,2;5;9;7,3;0;7;1,3;0;8;6,3;0;9;5,3;4;6;15,3;4;7;29,3;4;8;9,3;4;9;6,3;5;7;2,3;5;8;3,3;5;9;4,
Paciente299
1;0;9;2,1;4;8;3,1;4;9;5,2;0;5;19,2;0;6;16,2;0;7;19,2;0;8;17,2;0;9;16,2;4;5;35,2;4;6;102,2;4;7;56,2;4;8;17,2;4;9;12,2;4;10;1,2;5;8;3,3;0;6;3,3;0;7;3,3;0;8;4,3;0;9;5,3;4;5;7,3;4;6;8,3;4;7;8,3;4;8;4,3;4;9;8,
Paciente300
1;4;6;1,1;4;7;11,1;4;8;15,1;4;9;18,1;5;7;1,1;5;9;3,2;0;9;6,2;4;6;34,2;4;7;60,2;4;8;32,2;4;9;15,2;4;10;3,2;5;6;14,2;5;7;18,2;5;8;2,2;5;9;3,
Paciente301
1;0;7;2,1;0;8;7,1;0;9;11,1;4;6;1,1;4;7;54,1;4;8;32,1;4;9;22,1;4;10;5,1;5;7;24,1;5;8;24,1;5;9;19,2;0;7;36,2;0;8;19,2;0;9;11,2;4;6;65,2;4;7;69,2;4;8;41,2;4;9;17,2;5;6;62,2;5;7;83,2;5;8;25,3;0;7;3,3;0;8;6,3;0;9;5,3;4;6;5,3;4;7;39,3;4;8;11,3;4;9;1,3;5;6;3,3;5;7;12,3;5;8;10,3;5;9;8,
Paciente302
2;4;5;6,2;4;6;89,2;4;7;80,2;4;8;38,2;4;9;53,2;4;10;4,2;5;6;26,2;5;7;39,2;5;8;18,2;5;9;8,3;4;7;5,3;4;8;8,3;4;9;8,3;5;8;1,3;5;9;2,
Paciente303
2;4;5;9,2;4;6;54,2;4;7;41,2;4;8;43,2;4;9;44,2;4;10;4,2;5;6;22,2;5;7;6,2;5;8;10,2;5;9;28,2;5;10;2,3;4;6;6,3;4;7;9,3;4;8;16,3;4;9;17,3;5;7;4,3;5;8;2,3;5;9;11,
Paciente304
0;0;9;3,0;4;9;15,1;0;6;11,1;0;7;48,1;0;8;32,1;0;9;38,1;4;6;68,1;4;7;85,1;4;8;40,1;4;9;5,1;5;6;13,1;5;7;15,1;5;8;18,1;5;9;20,2;0;6;6,2;0;7;1,2;4;6;33,2;4;7;33,2;4;8;19,2;4;9;12,2;4;10;2,
Paciente305
1;0;7;2,1;0;8;4,1;0;9;10,1;0;10;4,1;4;4;7,1;4;5;14,1;4;6;30,1;4;7;13,1;4;8;10,1;4;9;8,1;5;5;6,1;5;6;24,1;5;7;12,1;5;8;13,2;0;6;2,2;0;7;5,2;0;8;9,2;0;9;4,2;4;4;8,2;4;5;28,2;4;6;36,2;4;7;24,2;4;8;16,2;4;9;9,2;5;4;5,2;5;5;4,2;5;6;30,2;5;7;26,2;5;8;13,3;4;8;3,
Paciente306
0;4;9;6,0;5;8;1,0;5;9;2,1;0;7;8,1;0;8;12,1;4;5;37,1;4;6;62,1;4;7;14,1;4;8;20,1;4;9;6,1;4;10;2,1;5;5;13,1;5;6;68,1;5;7;34,1;5;8;12,2;0;7;7,2;0;8;5,2;0;9;6,2;4;5;23,2;4;6;69,2;4;7;12,2;4;9;2,2;5;5;13,2;5;6;49,2;5;7;13,2;5;8;7,2;5;9;1,3;4;9;4,
Paciente307
1;0;7;8,1;0;8;8,1;0;9;12,1;4;6;1,1;4;7;74,1;4;8;34,1;4;9;24,1;4;10;2,1;5;6;1,1;5;7;12,1;5;8;19,1;5;9;13,2;0;6;3,2;0;7;87,2;0;8;33,2;0;9;1,2;4;6;46,2;4;7;141,2;4;8;18,2;5;6;58,2;5;7;54,2;5;8;19,2;5;9;8,3;0;7;11,3;0;8;15,3;0;9;2,3;4;6;9,3;4;7;43,3;4;8;10,3;4;9;3,3;5;7;13,3;5;8;10,3;5;9;8,
Paciente308
1;4;6;6,1;4;7;7,1;4;8;9,1;4;9;12,1;5;6;20,1;5;7;12,1;5;8;8,1;5;9;9,1;5;10;4,2;4;6;44,2;4;7;23,2;4;8;13,2;4;9;2,2;5;5;15,2;5;6;43,2;5;7;31,2;5;8;34,2;5;9;6,
Paciente309
1;4;6;6,1;4;7;7,1;4;8;9,1;4;9;12,1;5;6;20,1;5;7;12,1;5;8;8,1;5;9;9,1;5;10;4,2;4;6;44,2;4;7;23,2;4;8;13,2;4;9;2,2;5;5;15,2;5;6;43,2;5;7;31,2;5;8;34,2;5;9;6,
Paciente310
0;0;9;3,0;4;9;8,1;0;6;28,1;0;7;39,1;0;8;21,1;0;9;20,1;4;6;43,1;4;7;50,1;4;8;39,1;4;9;11,1;4;10;2,2;0;6;20,2;0;7;12,2;0;8;10,2;0;9;11,2;4;6;26,2;4;7;18,2;4;8;15,2;4;9;3,
Paciente311
1;0;8;7,1;0;9;4,1;4;6;96,1;4;7;39,1;4;8;26,1;4;9;15,1;5;5;3,1;5;6;57,1;5;7;28,1;5;8;19,1;5;9;16,2;4;6;42,2;4;7;25,2;4;8;21,2;4;9;3,2;4;10;2,2;5;6;26,2;5;7;15,
Paciente312
2;4;5;11,2;4;6;108,2;4;7;29,2;4;8;42,2;4;9;14,2;4;10;9,2;5;5;6,2;5;6;98,2;5;7;88,2;5;8;41,2;5;9;20,3;4;6;15,3;4;7;15,3;4;8;14,3;4;9;14,3;5;6;14,3;5;7;14,3;5;8;17,3;5;9;14,
Paciente313
1;0;7;11,1;0;8;22,1;0;9;5,1;4;6;29,1;4;7;65,1;4;8;26,1;4;9;21,1;4;10;1,1;5;6;2,1;5;7;8,1;5;8;11,1;5;9;20,1;5;10;1,2;0;6;20,2;0;7;46,2;0;8;33,2;4;6;79,2;4;7;103,2;4;8;28,2;4;9;11,2;5;6;29,2;5;7;17,2;5;8;18,2;5;9;3,3;0;8;5,3;4;7;7,3;4;8;11,
Paciente314
1;4;10;4,1;5;6;39,1;5;7;25,1;5;8;31,1;5;9;18,1;5;10;5,1;6;6;15,1;6;7;71,1;6;8;23,1;6;9;3,2;4;9;11,2;4;10;3,2;5;6;100,2;5;7;47,2;5;8;28,2;5;9;11,2;6;6;67,2;6;7;98,2;6;8;32,2;6;9;6,3;5;7;3,3;5;8;6,3;5;9;7,3;6;7;1,3;6;8;7,3;6;9;3,
Paciente315
1;4;6;13,1;4;7;24,1;4;8;3,1;5;7;10,2;0;8;13,2;0;9;9,2;4;5;41,2;4;6;81,2;4;7;50,2;4;8;14,2;5;5;10,2;5;6;66,2;5;7;34,2;5;8;11,2;5;9;1,3;0;8;1,3;0;9;4,3;4;6;3,3;4;7;12,3;4;8;9,3;4;9;2,3;4;10;4,3;5;6;4,3;5;7;6,3;5;8;4,3;5;9;8,
Paciente316
1;0;6;3,1;0;7;7,1;0;8;11,1;0;9;10,1;0;10;5,1;4;6;15,1;4;7;56,1;4;8;14,1;4;9;15,1;4;10;11,1;5;7;26,1;5;8;15,1;5;9;14,2;0;6;24,2;0;7;15,2;0;8;13,2;0;9;13,2;4;6;25,2;4;7;98,2;4;8;25,2;4;9;19,2;5;6;17,2;5;7;45,2;5;8;5,2;5;9;7,3;0;7;1,3;0;9;8,3;4;7;7,3;4;8;3,3;4;9;6,3;5;8;1,3;5;9;4,
Paciente317
1;0;8;1,1;0;9;8,1;0;10;2,1;4;5;5,1;4;6;40,1;4;7;10,1;4;8;26,1;4;9;41,1;4;10;1,1;5;7;5,1;5;8;9,1;5;9;2,2;0;7;5,2;0;8;10,2;0;9;12,2;4;5;7,2;4;6;154,2;4;7;59,2;4;8;32,2;4;9;16,2;5;6;13,2;5;7;10,2;5;8;11,
Paciente318
1;0;6;5,1;0;7;9,1;0;8;17,1;0;9;15,1;0;10;5,1;4;6;26,1;4;7;103,1;4;8;39,1;4;9;15,1;5;8;5,2;0;6;8,2;0;7;9,2;0;8;12,2;0;9;22,2;0;10;4,2;4;6;50,2;4;7;80,2;4;8;32,2;4;9;33,2;4;10;3,2;5;8;6,2;5;9;3,
Paciente319
0;0;9;1,0;0;10;3,0;4;8;10,0;4;9;5,0;4;10;3,0;5;8;14,0;5;9;5,1;0;6;10,1;0;7;19,1;0;8;14,1;0;9;20,1;4;6;41,1;4;7;29,1;4;8;3,1;5;6;12,1;5;7;47,1;5;8;6,2;0;6;5,2;0;7;9,2;4;6;8,2;4;7;31,2;4;8;9,2;4;9;5,2;5;6;7,2;5;7;4,2;5;8;3,2;5;9;2,
Paciente320
1;0;8;9,1;0;9;11,1;4;6;18,1;4;7;38,1;4;8;14,1;4;9;25,1;4;10;3,1;5;6;2,1;5;7;60,1;5;8;25,1;5;9;14,1;6;8;8,2;0;8;20,2;0;9;5,2;4;6;22,2;4;7;52,2;4;8;14,2;4;9;2,2;5;7;71,2;5;8;21,2;5;9;1,2;6;8;5,2;6;9;6,3;4;8;7,3;4;9;1,3;5;8;6,3;5;9;2,
Paciente321
1;4;5;10,1;4;7;24,1;4;8;22,1;4;9;16,1;5;5;26,1;5;6;13,1;5;7;26,1;5;8;18,2;4;4;2,2;4;5;38,2;4;6;16,2;4;7;18,2;4;8;15,2;4;9;10,2;5;5;43,2;5;6;44,2;5;7;47,2;5;8;25,2;5;9;14,2;5;10;1,
Paciente322
1;0;7;3,1;0;8;8,1;0;9;12,1;0;10;1,1;4;5;7,1;4;6;28,1;4;7;48,1;4;8;18,1;4;9;16,1;4;10;3,1;5;6;9,1;5;7;8,1;5;8;9,1;5;9;2,2;0;6;14,2;0;7;11,2;0;8;9,2;0;9;15,2;4;5;24,2;4;6;107,2;4;7;40,2;4;8;17,2;4;9;12,2;5;6;23,2;5;7;6,2;5;8;6,
Paciente323
1;0;8;7,1;0;9;7,1;4;7;26,1;4;8;31,1;4;9;21,1;5;9;2,2;0;6;24,2;0;7;39,2;0;8;21,2;0;9;16,2;4;6;63,2;4;7;133,2;4;8;18,2;4;9;12,2;5;6;3,2;5;7;18,2;5;8;18,2;5;9;2,3;0;7;1,3;0;8;3,3;0;9;6,3;0;10;2,3;4;7;21,3;4;8;10,3;4;9;10,3;4;10;2,3;5;9;1,
Paciente324
0;0;9;6,0;4;9;3,1;0;6;25,1;0;7;83,1;0;8;35,1;0;9;20,1;1;8;11,1;1;9;8,1;4;6;39,1;4;7;46,1;4;8;29,1;4;9;2,2;0;6;49,2;0;7;34,2;0;8;31,2;0;9;6,2;0;10;4,2;1;8;4,2;1;9;8,2;4;6;16,2;4;7;31,2;4;8;18,2;4;9;6,
Paciente325
2;0;6;8,2;0;7;10,2;0;8;11,2;0;9;18,2;4;5;9,2;4;6;79,2;4;7;40,2;4;8;30,2;4;9;24,2;4;10;3,3;0;6;2,3;0;7;3,3;0;8;2,3;0;9;7,3;4;5;2,3;4;6;25,3;4;7;7,3;4;8;4,
Paciente326
1;4;5;1,1;4;6;10,1;4;7;6,1;4;8;3,1;4;9;8,1;5;5;11,1;5;6;13,1;5;7;8,1;5;8;5,1;5;9;4,2;4;4;1,2;4;5;29,2;4;6;32,2;4;7;10,2;4;8;21,2;4;9;6,2;5;5;76,2;5;6;32,2;5;7;28,2;5;8;22,2;5;9;25,2;5;10;2,
Paciente327
1;0;9;10,1;4;7;23,1;4;8;26,1;4;9;30,1;4;10;5,1;5;7;1,1;5;8;3,2;0;6;12,2;0;7;32,2;0;8;26,2;0;9;16,2;4;4;8,2;4;5;54,2;4;6;135,2;4;7;57,2;4;8;22,2;5;6;31,2;5;7;37,2;5;8;5,3;4;6;1,3;4;7;15,3;4;8;18,
Paciente328
1;0;9;2,1;4;9;22,2;0;6;10,2;0;7;35,2;0;8;26,2;0;9;39,2;4;6;56,2;4;7;152,2;4;8;37,2;4;9;14,2;5;7;14,2;5;8;5,3;0;7;5,3;0;8;21,3;0;9;19,3;4;6;14,3;4;7;30,3;4;8;20,3;4;9;9,3;4;10;3,3;5;7;6,3;5;8;5,3;5;9;1,
Paciente329
1;4;8;7,1;4;9;6,1;4;10;3,1;5;9;1,2;4;6;14,2;4;7;164,2;4;8;54,2;4;9;26,2;4;10;2,2;5;6;10,2;5;7;110,2;5;8;45,2;5;9;11,3;4;7;6,3;4;8;16,3;4;9;10,3;5;7;2,3;5;8;8,3;5;9;10,
Paciente330
1;0;7;7,1;0;8;11,1;0;9;13,1;4;6;26,1;4;7;110,1;4;8;55,1;4;9;6,1;5;6;15,1;5;7;47,1;5;8;33,1;5;9;8,2;0;7;3,2;0;8;4,2;0;9;6,2;0;10;2,2;4;5;3,2;4;6;51,2;4;7;47,2;4;8;44,2;4;9;14,2;5;6;7,2;5;7;25,2;5;8;18,2;5;9;3,
Paciente331
1;0;5;10,1;0;7;6,1;0;8;37,1;0;9;30,1;0;10;5,1;4;5;19,1;4;6;36,1;4;7;19,1;4;8;60,1;4;9;17,2;0;5;39,2;0;6;8,2;0;7;24,2;0;8;54,2;0;9;3,2;4;5;40,2;4;6;55,2;4;7;37,2;4;8;42,2;4;9;6,
Paciente332
1;4;8;8,1;4;9;20,1;5;9;11,2;0;7;26,2;0;8;15,2;0;9;17,2;4;6;49,2;4;7;91,2;4;8;36,2;4;9;3,2;5;6;14,2;5;7;87,2;5;8;44,2;5;9;2,3;0;7;16,3;0;8;10,3;0;9;8,3;0;10;5,3;4;6;33,3;4;7;36,3;4;8;10,3;4;9;3,3;4;10;1,3;5;6;18,3;5;7;28,3;5;8;17,3;5;9;1,3;5;10;1,3;6;8;1,3;6;9;9,
Paciente333
1;4;7;9,1;4;8;7,1;4;9;18,1;4;10;4,1;5;7;14,1;5;8;15,1;5;9;10,2;4;6;45,2;4;7;92,2;4;8;27,2;4;9;18,2;5;6;14,2;5;7;137,2;5;8;37,2;5;9;7,3;4;8;3,3;4;9;6,3;5;8;3,3;5;9;3,
Paciente334
1;4;5;22,1;4;6;25,1;4;7;15,1;4;8;23,1;4;9;21,1;4;10;5,1;5;5;4,1;5;6;56,1;5;7;27,1;5;8;22,1;5;9;3,2;4;5;25,2;4;6;32,2;4;7;16,2;4;8;6,2;4;9;19,2;5;6;44,2;5;7;17,2;5;8;6,2;5;9;14,
Paciente335
1;0;7;3,1;0;8;9,1;0;9;11,1;4;6;39,1;4;7;49,1;4;8;43,1;4;9;2,1;5;6;7,1;5;7;76,1;5;8;41,1;6;8;3,2;0;7;8,2;0;8;23,2;0;9;10,2;4;6;94,2;4;7;55,2;4;8;15,2;5;6;56,2;5;7;103,2;5;8;5,2;6;8;7,2;6;9;2,3;0;8;1,3;0;9;3,3;0;10;1,3;4;6;3,3;4;7;5,3;4;8;5,3;4;10;2,3;5;6;1,3;5;7;3,3;5;8;4,3;5;9;3,3;6;9;2,
Paciente336
1;0;6;3,1;0;7;6,1;0;8;10,1;0;9;8,1;0;10;4,1;4;6;53,1;4;7;30,1;4;8;12,1;4;9;13,1;5;6;5,1;5;7;6,1;5;8;5,1;5;9;4,2;0;5;1,2;0;6;26,2;0;7;6,2;0;8;24,2;0;9;1,2;4;5;11,2;4;6;107,2;4;7;48,2;4;8;14,2;4;9;17,2;5;6;19,2;5;7;12,2;5;8;10,2;5;9;1,3;4;8;6,3;4;9;3,
Paciente337
1;4;6;14,1;4;7;24,1;4;8;23,1;4;9;26,1;5;6;13,1;5;7;27,1;5;8;27,1;5;9;18,2;4;6;43,2;4;7;77,2;4;8;23,2;4;9;21,2;5;6;78,2;5;7;42,2;5;8;22,2;5;9;15,2;5;10;5,3;4;9;1,3;5;9;2,
Paciente338
1;4;6;14,1;4;7;24,1;4;8;23,1;4;9;26,1;5;6;13,1;5;7;27,1;5;8;27,1;5;9;18,2;4;6;43,2;4;7;77,2;4;8;23,2;4;9;21,2;5;6;78,2;5;7;42,2;5;8;22,2;5;9;15,2;5;10;5,3;4;9;1,3;5;9;2,
Paciente339
1;0;6;1,1;0;7;10,1;0;8;8,1;0;9;9,1;4;6;31,1;4;7;20,1;4;8;18,1;4;9;13,1;4;10;3,1;5;7;1,1;5;8;5,1;5;9;8,2;0;6;74,2;0;7;26,2;0;8;14,2;0;9;6,2;4;5;26,2;4;6;95,2;4;7;56,2;4;8;49,2;4;9;33,2;5;5;1,2;5;6;20,2;5;7;10,2;5;8;7,2;5;9;8,3;0;7;1,3;0;8;4,3;0;9;1,3;4;6;31,3;4;8;8,3;4;9;3,3;5;9;1,
Paciente340
1;4;6;6,1;4;7;9,1;4;8;12,1;4;9;11,1;4;10;4,1;5;6;6,1;5;7;6,1;5;8;4,1;5;9;6,2;0;8;4,2;4;5;17,2;4;6;72,2;4;7;36,2;4;8;20,2;4;9;3,2;5;5;10,2;5;6;54,2;5;7;48,2;5;8;20,3;4;6;8,3;4;7;11,3;4;8;2,3;5;6;4,3;5;7;6,
Paciente341
1;0;4;1,1;0;6;6,1;0;7;6,1;0;8;7,1;0;9;9,1;0;10;1,1;4;4;11,1;4;5;11,1;4;6;57,1;4;7;24,1;4;8;12,1;4;9;8,1;4;10;1,1;5;7;4,1;5;8;4,2;0;4;2,2;0;5;7,2;0;6;18,2;0;7;21,2;0;8;8,2;4;4;12,2;4;5;20,2;4;6;76,2;4;7;96,2;5;6;9,2;5;7;10,
Paciente342
1;0;9;1,1;4;6;8,1;4;7;24,1;4;8;13,1;4;9;6,1;5;7;6,1;5;8;6,2;0;7;11,2;0;8;14,2;0;9;11,2;0;10;4,2;4;5;57,2;4;6;86,2;4;7;51,2;4;8;14,2;4;9;5,2;5;5;14,2;5;6;63,2;5;7;27,2;5;8;11,3;0;8;2,3;0;9;6,3;4;5;4,3;4;6;8,3;4;7;9,3;4;8;3,3;4;9;9,3;5;6;1,3;5;7;3,3;5;8;5,3;5;9;4,
Paciente343
0;0;9;1,0;0;10;4,0;4;8;1,0;4;9;27,1;0;6;41,1;0;7;38,1;0;8;56,1;0;9;53,1;0;10;8,1;4;6;50,1;4;7;149,1;4;8;67,1;4;9;26,1;4;10;2,
Paciente344
2;0;7;17,2;0;8;16,2;0;9;6,2;4;6;14,2;4;7;99,2;4;8;43,2;4;9;11,2;5;6;7,2;5;7;56,2;5;8;15,3;0;6;4,3;0;7;18,3;0;8;14,3;0;9;20,3;4;6;37,3;4;7;28,3;4;8;18,3;4;10;2,3;5;6;18,3;5;7;33,3;5;8;24,3;5;9;9,3;5;10;1,
Paciente345
1;4;5;1,1;4;6;18,1;4;7;20,1;4;8;9,1;4;9;10,1;5;6;13,1;5;7;40,1;5;8;11,1;5;9;12,2;4;5;21,2;4;6;38,2;4;7;30,2;4;8;8,2;4;9;22,2;5;5;34,2;5;6;32,2;5;7;35,2;5;8;17,2;5;9;23,2;5;10;1,
Paciente346
1;4;6;28,1;4;7;23,1;4;8;15,1;4;9;15,1;5;6;10,1;5;7;8,1;5;8;11,1;5;9;12,2;4;6;75,2;4;7;33,2;4;8;29,2;4;9;14,2;4;10;2,2;5;5;10,2;5;6;35,2;5;7;7,2;5;8;18,2;5;9;5,
Paciente347
1;4;4;5,1;4;5;8,1;4;6;15,1;4;7;45,1;4;8;18,1;4;9;3,1;5;5;4,1;5;6;1,1;5;7;5,1;5;8;2,2;4;5;10,2;4;6;49,2;4;7;25,2;4;8;13,2;4;9;17,2;4;10;2,2;5;5;2,2;5;6;11,2;5;7;13,2;5;8;3,
Paciente348
1;0;7;9,1;0;8;15,1;0;9;23,1;0;10;4,1;4;7;91,1;4;8;47,1;4;9;45,1;5;7;30,1;5;8;31,1;5;9;5,2;0;6;4,2;0;7;25,2;0;8;7,2;0;9;12,2;0;10;1,2;4;6;13,2;4;7;79,2;4;8;70,2;4;9;21,2;5;6;3,2;5;7;25,2;5;8;25,2;5;9;7,
Paciente349
1;0;7;5,1;0;8;9,1;0;9;13,1;4;6;72,1;4;7;54,1;4;8;37,1;4;9;9,1;4;10;6,1;5;6;14,1;5;7;10,1;5;8;14,1;5;9;14,2;0;7;4,2;0;8;8,2;0;9;10,2;4;6;73,2;4;7;52,2;4;8;37,2;4;9;11,2;5;6;8,2;5;7;5,2;5;8;6,2;5;9;6,
Paciente350
1;4;7;2,2;4;4;12,2;4;5;27,2;4;6;23,2;4;7;31,2;4;8;22,2;4;9;6,2;5;4;2,2;5;5;29,2;5;6;36,2;5;7;22,2;5;8;6,2;5;9;1,2;5;10;2,3;4;6;5,3;4;7;3,3;4;8;5,3;4;9;8,3;5;6;3,3;5;7;4,3;5;8;7,3;5;9;1,
Paciente351
1;0;9;9,1;4;7;10,1;4;8;21,1;4;9;21,1;4;10;2,1;5;7;1,1;5;8;10,1;5;9;19,2;0;6;2,2;0;7;36,2;0;8;41,2;0;9;11,2;4;6;24,2;4;7;107,2;4;8;22,2;5;6;29,2;5;7;79,2;5;8;22,2;5;9;11,2;6;8;11,2;6;9;10,3;0;6;10,3;0;7;15,3;0;8;17,3;1;8;4,3;3;9;1,3;4;6;25,3;4;7;30,3;4;8;19,3;4;9;1,3;5;6;13,3;5;7;39,3;5;8;17,3;5;9;5,3;6;8;17,3;6;9;6,3;7;9;2,
Paciente352
0;4;8;2,0;4;9;5,0;5;8;2,1;0;7;3,1;0;8;10,1;0;9;9,1;0;10;4,1;4;6;78,1;4;7;51,1;4;8;21,1;4;9;4,1;5;6;43,1;5;7;49,1;5;8;19,2;0;8;3,2;0;9;6,2;4;5;12,2;4;6;48,2;4;7;36,2;4;8;22,2;4;9;15,2;4;10;2,2;5;6;28,2;5;7;17,2;5;8;12,2;5;9;10,
Paciente353
1;0;8;3,1;0;9;6,1;4;7;7,1;4;8;13,1;4;9;9,1;4;10;3,2;0;6;26,2;0;7;42,2;0;8;13,2;0;9;10,2;4;5;4,2;4;6;96,2;4;7;72,2;4;8;19,2;4;9;2,2;5;8;12,3;0;6;4,3;0;7;5,3;0;8;7,3;4;6;20,3;4;7;16,3;4;8;11,
Paciente354
1;0;6;21,1;0;7;40,1;0;8;26,1;0;9;13,1;0;10;1,1;4;6;25,1;4;7;137,1;4;8;16,1;4;9;10,1;4;10;1,2;0;6;34,2;0;7;63,2;0;8;26,2;0;9;2,2;4;5;8,2;4;6;62,2;4;7;52,2;4;8;60,2;4;9;23,
Paciente355
2;4;5;17,2;4;6;45,2;4;7;50,2;4;8;61,2;4;9;30,2;4;10;5,2;5;5;1,2;5;6;62,2;5;7;138,2;5;8;71,2;5;9;11,3;4;6;2,3;4;7;15,3;4;8;11,3;4;9;11,3;5;6;5,3;5;7;15,3;5;8;10,3;5;9;11,
Paciente356
2;0;8;8,2;0;9;13,2;4;5;45,2;4;6;60,2;4;7;27,2;4;8;54,2;4;9;32,2;5;7;6,2;5;8;7,3;0;8;2,3;0;9;7,3;4;5;9,3;4;6;34,3;4;7;16,3;4;8;10,3;4;9;9,3;4;10;2,3;5;8;3,
Paciente357
0;4;10;4,0;5;9;7,0;5;10;1,1;0;9;4,1;4;6;2,1;4;7;80,1;4;8;29,1;4;9;25,1;4;10;1,1;5;6;10,1;5;7;72,1;5;8;27,1;5;9;18,2;4;6;1,2;4;7;63,2;4;8;10,2;4;9;10,2;5;6;10,2;5;7;27,2;5;8;10,2;5;9;1,
Paciente358
1;0;6;3,1;0;7;6,1;0;9;9,1;4;6;7,1;4;7;37,1;4;8;5,1;4;9;12,1;5;9;3,2;0;5;4,2;0;6;33,2;0;7;5,2;0;8;9,2;0;9;9,2;0;10;4,2;4;5;9,2;4;6;58,2;4;7;41,2;4;8;7,2;4;9;12,2;5;9;4,3;0;7;2,3;0;9;4,3;0;10;1,3;4;7;2,3;4;9;3,
Paciente359
1;0;6;2,1;0;7;6,1;0;8;8,1;0;9;24,1;4;6;13,1;4;7;19,1;4;8;47,1;4;9;22,2;0;6;32,2;0;7;39,2;0;8;23,2;0;9;35,2;0;10;3,2;4;6;34,2;4;7;157,2;4;8;55,2;4;9;9,
Paciente360
0;4;9;8,1;0;7;9,1;0;8;12,1;0;9;11,1;0;10;4,1;4;6;41,1;4;7;70,1;4;8;19,1;4;9;3,1;5;7;52,1;5;8;10,1;5;9;10,2;0;7;4,2;0;8;5,2;0;9;7,2;4;6;46,2;4;7;38,2;4;8;21,2;4;9;6,2;5;6;4,2;5;7;26,2;5;8;4,2;5;9;6,
Paciente361
1;0;8;5,1;0;9;9,1;4;7;38,1;4;8;15,1;4;9;12,1;5;7;15,1;5;8;26,1;5;9;12,1;6;8;1,1;6;9;2,2;0;6;1,2;0;7;16,2;0;8;22,2;0;9;7,2;0;10;4,2;1;9;2,2;4;6;26,2;4;7;68,2;4;8;16,2;4;9;3,2;5;6;16,2;5;7;56,2;5;8;7,2;6;8;16,2;6;9;4,3;0;7;3,3;0;8;14,3;1;9;6,3;2;9;1,3;3;9;1,3;4;6;18,3;4;7;6,3;4;8;4,3;5;6;5,3;5;7;11,3;5;8;6,3;6;8;7,3;6;9;3,3;7;9;2,
Paciente362
1;4;8;18,1;4;9;4,2;0;6;7,2;0;7;14,2;0;8;19,2;0;9;15,2;4;6;121,2;4;7;69,2;4;8;23,2;5;7;5,2;5;8;28,2;5;9;3,3;0;8;2,3;0;9;4,3;4;7;9,3;4;8;17,3;4;9;11,3;4;10;2,3;5;9;3,
Paciente363
2;0;6;12,2;0;7;59,2;0;8;29,2;0;9;8,2;4;6;35,2;4;7;101,2;4;8;20,2;4;9;14,2;4;10;1,2;5;6;9,2;5;7;7,2;5;8;7,2;5;9;10,2;5;10;4,3;0;6;17,3;0;7;95,3;0;8;26,3;0;9;7,3;1;8;12,3;4;5;1,3;4;6;27,3;4;7;36,3;4;8;36,3;4;9;23,3;5;5;4,3;5;6;34,3;5;7;27,3;5;8;28,3;5;9;14,3;6;9;7,
Paciente364
1;0;9;2,1;4;9;13,1;4;10;2,2;0;6;11,2;0;7;47,2;0;8;68,2;0;9;29,2;4;4;1,2;4;5;16,2;4;6;16,2;4;7;59,2;4;8;27,2;4;9;25,2;5;7;11,2;5;8;16,3;0;7;40,3;0;8;26,3;4;7;39,3;4;8;58,3;4;9;10,3;5;7;14,3;5;8;9,
Paciente365
0;0;10;3,0;4;8;7,0;4;9;12,0;4;10;1,0;5;8;13,0;5;9;9,1;0;9;11,1;0;10;1,1;4;6;41,1;4;7;44,1;4;8;22,1;4;9;3,1;5;6;22,1;5;7;85,1;5;8;35,1;5;9;3,1;6;7;6,1;6;8;13,1;6;9;3,2;0;9;5,2;4;6;43,2;4;7;31,2;4;8;18,2;4;9;9,2;5;6;47,2;5;7;56,2;5;8;23,2;5;9;17,2;6;8;14,2;6;9;8,3;4;8;2,3;4;9;3,3;5;8;4,3;5;9;5,
Paciente366
1;0;7;4,1;0;8;24,1;0;9;14,1;0;10;5,1;4;6;62,1;4;7;51,1;4;8;46,1;4;9;20,1;5;6;14,1;5;7;42,1;5;8;22,2;0;7;2,2;0;8;10,2;0;9;4,2;4;6;47,2;4;7;51,2;4;8;35,2;4;9;10,2;5;6;7,2;5;7;7,
Paciente367
0;4;9;5,1;0;7;5,1;0;8;1,1;0;9;9,1;4;6;50,1;4;7;30,1;4;8;18,1;4;9;3,1;5;5;4,1;5;6;13,1;5;7;21,1;5;8;5,1;5;9;13,2;0;9;3,2;4;5;2,2;4;6;35,2;4;7;28,2;4;8;7,2;4;9;18,2;5;5;4,2;5;6;12,2;5;7;7,2;5;8;3,2;5;9;5,2;5;10;3,
Paciente368
1;0;7;5,1;0;8;10,1;0;9;3,1;4;6;17,1;4;7;21,1;4;8;27,1;4;9;12,1;4;10;3,1;5;7;5,1;5;8;25,1;5;9;14,2;0;6;12,2;0;7;52,2;0;8;11,2;4;6;31,2;4;7;73,2;4;8;7,2;5;6;8,2;5;7;66,2;5;8;22,3;0;7;13,3;0;8;6,3;4;7;41,3;4;8;7,3;5;7;17,3;5;8;18,
Paciente369
0;4;9;10,0;4;10;4,0;5;9;2,1;0;6;14,1;0;7;23,1;0;8;24,1;0;9;18,1;4;5;18,1;4;6;98,1;4;7;46,1;4;8;24,1;4;9;2,1;5;6;51,1;5;7;38,1;5;8;15,2;0;6;2,2;0;7;3,2;4;6;86,2;4;7;40,2;4;8;31,2;5;6;12,
Paciente370
0;4;8;7,0;4;9;13,0;4;10;4,0;5;9;5,1;0;6;24,1;0;7;18,1;0;8;7,1;0;9;21,1;4;5;20,1;4;6;79,1;4;7;27,1;4;8;11,1;4;10;1,1;5;5;6,1;5;6;8,1;5;7;6,2;0;6;6,2;0;7;1,2;4;5;5,2;4;6;34,2;4;7;17,2;4;8;13,2;4;9;21,
Paciente371
1;4;7;1,1;4;8;3,1;4;9;15,1;5;7;6,1;5;8;12,1;5;9;3,2;4;5;22,2;4;6;40,2;4;7;18,2;4;8;26,2;4;9;19,2;4;10;3,2;5;5;46,2;5;6;138,2;5;7;47,2;5;8;25,2;5;9;6,3;4;8;4,3;5;7;4,3;5;8;2,
Paciente372
1;0;6;1,1;0;7;18,1;0;8;15,1;0;9;3,1;4;6;25,1;4;7;48,1;4;8;12,1;4;9;14,1;4;10;3,2;0;5;3,2;0;6;23,2;0;7;22,2;0;8;17,2;0;9;8,2;4;5;14,2;4;6;50,2;4;7;56,2;4;8;27,2;4;9;10,2;4;10;3,
Paciente373
2;4;4;8,2;4;5;26,2;4;6;15,2;4;7;22,2;4;8;18,2;4;9;18,2;4;10;3,2;5;5;27,2;5;6;48,2;5;7;17,2;5;8;21,2;5;9;21,2;5;10;5,3;4;5;10,3;4;6;7,3;4;7;8,3;4;9;11,3;5;5;13,3;5;6;15,3;5;8;11,3;5;9;13,
Paciente374
2;0;9;6,2;0;10;3,2;4;6;69,2;4;7;102,2;4;8;79,2;4;9;58,2;5;7;117,2;5;8;53,2;5;9;4,3;0;9;4,3;0;10;1,3;4;6;16,3;4;7;38,3;4;8;18,3;4;9;21,3;5;7;17,3;5;8;20,3;5;9;10,
Paciente375
2;0;9;6,2;4;6;87,2;4;7;96,2;4;8;52,2;4;9;7,2;5;6;28,2;5;7;108,2;5;8;21,2;5;9;7,3;0;9;1,3;4;6;30,3;4;7;12,3;4;8;14,3;4;9;10,3;4;10;4,3;5;6;15,3;5;7;10,3;5;8;5,3;5;9;10,
Paciente376
1;0;6;14,1;0;7;9,1;0;8;20,1;0;9;5,1;4;5;4,1;4;6;84,1;4;7;44,1;4;8;14,1;4;9;12,1;5;6;4,1;5;7;10,1;5;8;10,1;5;9;12,2;0;6;13,2;0;7;18,2;0;8;20,2;0;9;12,2;4;5;61,2;4;6;41,2;4;7;49,2;4;8;40,2;4;9;29,2;4;10;3,2;5;6;5,2;5;7;6,2;5;8;7,2;5;9;7,
Paciente377
1;4;6;3,1;4;7;15,1;4;8;10,1;4;9;8,1;4;10;4,1;5;6;14,1;5;7;28,1;5;8;17,1;5;9;10,2;4;6;63,2;4;7;30,2;4;8;14,2;4;9;12,2;5;6;93,2;5;7;51,2;5;8;28,2;5;9;1,2;6;8;16,3;4;7;3,3;4;8;5,3;4;9;7,3;5;7;7,3;5;8;10,3;5;9;5,
Paciente378
2;0;9;5,2;4;5;23,2;4;6;33,2;4;7;45,2;4;8;37,2;4;9;17,2;4;10;3,2;5;5;3,2;5;6;19,2;5;7;15,2;5;8;5,2;5;9;3,3;4;6;25,3;4;7;16,3;4;9;11,3;5;6;1,3;5;7;1,3;5;8;1,3;5;9;1,
Paciente379
0;4;8;3,0;4;9;6,1;0;6;11,1;0;7;12,1;0;8;15,1;0;9;15,1;0;10;4,1;4;5;11,1;4;6;61,1;4;7;39,1;4;8;8,1;4;9;1,1;5;6;21,1;5;7;12,1;5;8;3,2;0;6;11,2;0;7;11,2;0;8;8,2;0;9;2,2;4;5;16,2;4;6;47,2;4;7;29,2;4;8;15,2;4;9;14,2;4;10;2,2;5;6;10,2;5;7;1,
Paciente380
1;0;6;10,1;0;7;11,1;0;8;14,1;0;9;14,1;4;6;58,1;4;7;68,1;4;8;14,1;4;9;11,1;5;6;8,1;5;7;10,1;5;8;9,1;5;9;10,1;5;10;2,2;0;6;20,2;0;7;15,2;0;8;10,2;0;9;11,2;4;6;77,2;4;7;60,2;4;8;40,2;4;9;20,2;5;6;7,2;5;7;6,2;5;8;4,2;5;9;6,
Paciente381
1;0;6;20,1;0;7;14,1;0;8;14,1;0;9;1,1;4;5;6,1;4;6;54,1;4;7;18,1;4;8;15,1;4;9;13,1;5;9;1,1;5;10;2,2;0;6;44,2;0;7;11,2;0;8;13,2;0;9;10,2;4;5;26,2;4;6;46,2;4;7;35,2;4;8;16,2;4;9;19,
Paciente382
1;4;6;9,1;4;7;1,1;4;8;10,1;4;9;9,1;4;10;4,1;5;6;8,1;5;7;15,1;5;8;10,1;5;9;9,2;4;5;10,2;4;6;66,2;4;7;53,2;4;8;14,2;4;9;6,2;5;5;7,2;5;6;58,2;5;7;101,2;5;8;6,3;4;7;5,3;5;7;8,
Paciente383
0;4;6;2,0;4;7;15,0;4;8;12,0;5;7;5,0;5;9;10,1;0;6;1,1;0;7;15,1;0;8;12,1;0;9;4,1;4;4;2,1;4;5;31,1;4;6;120,1;4;7;49,1;4;8;14,1;4;9;9,1;5;4;3,1;5;5;27,1;5;6;26,1;5;7;16,1;5;8;1,1;5;9;5,1;5;10;5,2;4;6;2,2;4;7;4,2;4;9;5,
Paciente384
1;0;9;2,1;4;7;5,1;4;8;32,1;4;9;13,1;5;8;7,1;5;9;4,2;0;6;9,2;0;7;14,2;0;8;16,2;0;9;15,2;4;6;85,2;4;7;71,2;4;8;12,2;5;6;48,2;5;7;52,2;5;8;16,2;5;9;1,3;0;7;4,3;0;8;9,3;0;9;10,3;4;6;26,3;4;7;16,3;4;8;3,3;4;9;7,3;5;6;1,3;5;7;22,3;5;8;5,3;5;9;15,3;5;10;3,
Paciente385
1;4;7;7,1;4;8;10,1;4;9;10,1;5;6;41,1;5;7;36,1;5;8;25,1;5;9;8,1;5;10;3,1;6;6;8,1;6;7;10,1;6;8;12,1;6;9;12,1;6;10;3,2;4;6;3,2;4;7;21,2;4;8;9,2;4;9;9,2;5;6;29,2;5;7;97,2;5;8;18,2;5;9;3,2;6;6;16,2;6;7;24,2;6;8;15,2;6;9;13,3;5;8;3,3;5;9;5,3;6;9;3,
Paciente386
1;4;8;14,2;0;7;15,2;0;8;20,2;0;9;16,2;4;5;23,2;4;6;71,2;4;7;104,2;4;8;59,2;4;9;20,3;4;9;6,3;4;10;2,
Paciente387
1;0;8;3,1;0;9;7,1;4;5;6,1;4;6;13,1;4;7;12,1;4;8;6,1;4;9;9,1;5;8;1,2;0;5;4,2;0;6;11,2;0;7;2,2;0;8;10,2;0;9;6,2;0;10;5,2;4;4;3,2;4;5;35,2;4;6;65,2;4;7;35,2;4;8;18,2;4;9;9,2;5;6;4,2;5;7;9,2;5;8;8,3;0;8;1,3;0;9;2,3;4;8;5,3;4;9;4,
Paciente388
1;0;8;3,1;0;9;7,1;4;5;6,1;4;6;13,1;4;7;12,1;4;8;6,1;4;9;9,1;5;8;1,2;0;5;4,2;0;6;11,2;0;7;2,2;0;8;10,2;0;9;6,2;0;10;5,2;4;4;3,2;4;5;35,2;4;6;65,2;4;7;35,2;4;8;18,2;4;9;9,2;5;6;4,2;5;7;9,2;5;8;8,3;0;8;1,3;0;9;2,3;4;8;5,3;4;9;4,
Paciente389
1;0;8;3,1;0;9;6,1;4;5;2,1;4;6;26,1;4;7;33,1;4;8;36,1;4;9;17,1;5;6;2,1;5;7;9,1;5;8;26,1;5;9;13,2;0;7;1,2;0;8;17,2;0;9;15,2;0;10;3,2;4;5;13,2;4;6;118,2;4;7;58,2;4;8;26,2;4;9;2,2;5;6;46,2;5;7;39,2;5;8;33,2;5;9;2,3;4;8;6,3;4;9;8,3;5;9;2,
Paciente390
1;0;8;4,1;0;9;2,1;4;7;32,1;4;8;34,1;4;9;15,1;5;8;4,2;0;6;12,2;0;7;36,2;0;8;19,2;0;9;17,2;4;5;14,2;4;6;186,2;4;7;82,2;4;8;17,2;4;9;6,2;5;6;37,2;5;7;21,2;5;8;15,2;5;9;4,3;0;7;1,3;0;8;2,3;0;9;5,3;0;10;2,3;4;6;8,3;4;7;12,3;4;8;8,3;4;9;10,3;4;10;3,3;5;8;2,3;5;9;3,
Paciente391
1;4;7;8,1;4;8;21,1;4;9;4,1;4;10;9,1;5;7;2,1;5;8;9,1;5;9;7,2;4;6;121,2;4;7;71,2;4;8;52,2;4;9;22,2;5;6;91,2;5;7;56,2;5;8;27,2;5;9;4,3;4;7;6,3;4;8;12,3;4;9;2,3;5;7;2,3;5;8;5,3;5;9;5,
Paciente392
1;4;6;3,1;4;7;29,1;4;8;11,1;4;9;24,1;5;7;35,1;5;8;49,2;0;9;1,2;4;6;32,2;4;7;107,2;4;8;26,2;4;9;31,2;5;6;31,2;5;7;129,2;5;8;45,2;5;9;14,2;6;9;12,3;4;6;1,3;4;7;6,3;4;8;8,3;4;9;21,3;5;6;1,3;5;7;9,3;5;8;7,3;5;9;13,3;5;10;7,3;6;10;2,
Paciente393
1;4;6;6,1;4;7;7,1;4;8;10,1;4;9;8,1;4;10;4,1;5;5;4,1;5;6;78,1;5;7;28,1;5;8;22,1;5;9;14,1;5;10;1,2;4;6;14,2;4;7;12,2;4;8;7,2;4;9;9,2;5;5;5,2;5;6;102,2;5;7;63,2;5;8;45,2;5;9;9,
Paciente394
1;4;6;6,1;4;7;7,1;4;8;10,1;4;9;8,1;4;10;4,1;5;5;4,1;5;6;78,1;5;7;28,1;5;8;22,1;5;9;14,1;5;10;1,2;4;6;14,2;4;7;12,2;4;8;7,2;4;9;9,2;5;5;5,2;5;6;102,2;5;7;63,2;5;8;45,2;5;9;9,
Paciente395
2;0;5;32,2;0;6;17,2;0;7;25,2;0;8;1,2;0;9;14,2;0;10;8,2;4;5;13,2;4;6;106,2;4;7;30,2;4;8;5,2;4;9;9,2;5;7;7,2;5;8;2,3;0;5;6,3;0;6;14,3;0;7;31,3;0;8;6,3;4;5;12,3;4;6;38,3;4;7;24,3;4;8;8,3;5;7;6,3;5;8;10,
Paciente396
1;0;7;1,1;0;8;2,1;0;9;1,1;4;6;1,1;4;7;16,1;4;8;14,1;4;9;2,2;0;6;25,2;0;7;19,2;0;8;15,2;4;5;40,2;4;6;118,2;4;7;42,2;4;8;23,2;4;9;12,2;4;10;2,
Paciente397
1;4;6;3,1;4;7;35,1;4;8;37,1;4;9;18,1;5;6;4,1;5;7;61,1;5;8;19,1;5;9;1,2;4;6;74,2;4;7;39,2;4;8;15,2;4;9;24,2;4;10;4,2;5;6;30,2;5;7;92,2;5;8;31,2;5;9;26,
Paciente398
1;0;6;6,1;0;7;19,1;0;8;13,1;4;5;11,1;4;6;67,1;4;7;28,1;4;8;9,1;4;9;14,1;5;7;2,1;5;9;5,1;5;10;2,2;0;6;27,2;0;7;15,2;0;8;14,2;4;5;34,2;4;6;53,2;4;7;50,2;4;8;20,2;4;9;8,2;5;9;3,
Paciente399
1;0;9;3,1;0;10;4,1;4;6;19,1;4;7;41,1;4;8;4,1;4;9;10,1;5;8;2,1;5;9;1,2;0;6;14,2;0;7;31,2;0;8;10,2;0;9;8,2;0;10;3,2;4;5;4,2;4;6;122,2;4;7;88,2;4;8;6,2;5;6;25,2;5;7;41,2;5;8;19,2;5;9;1,3;0;8;8,3;4;6;10,3;4;7;9,3;4;8;10,3;4;9;7,3;5;7;1,3;5;8;5,3;5;9;7,
Paciente400
1;0;7;6,1;0;8;16,1;0;9;23,1;4;6;33,1;4;7;72,1;4;8;16,1;4;9;13,1;5;6;5,1;5;7;34,1;5;8;22,1;5;9;5,2;0;6;10,2;0;7;10,2;0;8;7,2;0;9;27,2;4;6;74,2;4;7;45,2;4;8;22,2;4;9;18,2;5;6;29,2;5;7;17,2;5;8;9,2;5;9;7,3;0;10;3,3;4;9;8,3;4;10;1,3;5;9;1,
