id001,0,0,8,1,0,2,5,2,0,2,6,16,0,2,7,33,0,2,8,31,1,0,6,8,1,0,7,18,1,0,8,29,1,0,9,13,1,2,4,76,1,2,5,157,1,2,6,178,1,2,7,83,1,2,8,73,1,2,9,26,1,2,10,2
id002,0,0,6,11,0,0,7,22,0,0,8,19,0,0,9,12,0,2,4,34,0,2,5,88,0,2,6,166,0,2,7,72,0,2,8,57,0,2,9,32,0,2,10,2
id003,0,0,4,5,0,0,5,18,0,0,6,26,0,0,7,32,0,0,8,28,0,2,4,53,0,2,5,109,0,2,6,76,0,2,7,49,0,2,8,27,1,0,5,4,1,0,6,7,1,2,3,1,1,2,4,23,1,2,5,41,1,2,6,29,1,2,7,22,1,2,8,29,1,2,9,8,1,2,10,2
id004,0,2,6,11,0,2,7,8,0,2,8,28,0,2,9,16,1,0,9,9,1,2,4,22,1,2,5,62,1,2,6,104,1,2,7,98,1,2,8,90,1,2,9,25,1,2,10,4
id005,0,0,8,2,0,0,9,7,0,2,4,24,0,2,5,56,0,2,6,70,0,2,7,81,0,2,8,62,0,2,9,28,1,2,4,1,1,2,5,2,1,2,6,20,1,2,7,3,1,2,8,11,1,2,9,18,1,2,10,2
id006,0,0,6,3,0,0,7,7,0,0,8,6,0,2,4,20,0,2,5,24,0,2,6,23,0,2,7,14,0,2,8,4,0,3,5,1,0,3,6,2,0,3,7,4,1,0,4,5,1,0,5,12,1,0,6,13,1,0,7,16,1,0,8,8,1,1,6,1,1,1,7,3,1,1,8,2,1,2,2,2,1,2,3,46,1,2,4,115,1,2,5,61,1,2,6,35,1,2,7,18,1,2,8,12,1,2,9,11,1,2,10,1,1,3,5,9,1,3,6,6,1,3,7,6
id007,0,0,9,4,0,2,3,1,0,2,4,15,0,2,5,30,0,2,6,55,0,2,7,29,0,2,8,35,0,2,9,11,1,0,8,5,1,0,9,7,1,2,3,30,1,2,4,39,1,2,5,79,1,2,6,108,1,2,7,76,1,2,8,39,1,2,9,32,1,2,10,2
id008,0,0,7,5,0,0,8,9,0,0,9,5,0,0,10,3,0,2,5,6,0,2,6,22,0,2,7,23,0,2,8,19,0,2,9,10,0,2,10,1,1,0,4,6,1,0,5,14,1,0,6,35,1,0,7,24,1,0,8,18,1,0,9,13,1,2,4,36,1,2,5,58,1,2,6,121,1,2,7,78,1,2,8,31,1,2,9,18
id009,0,0,4,5,0,0,5,12,0,0,6,29,0,0,7,26,0,0,8,17,0,0,9,15,0,0,10,2,0,2,4,3,0,2,5,14,0,2,6,43,0,2,7,22,0,2,8,15,0,2,9,1,1,0,4,11,1,0,5,15,1,0,6,40,1,0,7,41,1,0,8,11,1,0,9,6,1,0,10,2,1,2,4,6,1,2,5,21,1,2,6,42,1,2,7,25,1,2,8,22,1,2,9,16,1,2,10,1
id010,0,2,9,1,0,2,10,3,1,2,4,3,1,2,5,59,1,2,6,109,1,2,7,114,1,2,8,54,1,2,9,30,1,2,10,1
id011,0,0,5,2,0,0,6,10,0,0,7,8,0,0,8,9,0,0,9,10,0,2,4,7,0,2,5,28,0,2,6,44,0,2,7,16,0,2,8,22,0,2,9,14,1,0,4,4,1,0,5,4,1,0,6,29,1,0,7,5,1,0,8,26,1,0,9,11,1,2,3,4,1,2,4,36,1,2,5,35,1,2,6,76,1,2,7,40,1,2,8,47,1,2,9,23,1,2,10,3
id012,0,0,5,5,0,0,6,19,0,0,7,25,0,0,8,14,0,2,3,13,0,2,4,73,0,2,5,116,0,2,6,67,0,2,7,36,0,2,8,24,1,0,6,2,1,0,7,3,1,0,8,4,1,2,3,16,1,2,4,18,1,2,5,49,1,2,6,33,1,2,7,34,1,2,8,10,1,2,9,19,1,2,10,2
id013,0,0,5,9,0,0,6,11,0,0,7,25,0,0,8,12,0,2,3,1,0,2,4,26,0,2,5,52,0,2,6,44,0,2,7,25,0,2,8,16,0,2,9,9,1,0,4,8,1,0,5,21,1,0,6,30,1,0,7,21,1,0,8,10,1,0,9,5,1,2,3,11,1,2,4,38,1,2,5,77,1,2,6,74,1,2,7,42,1,2,8,23,1,2,9,24,1,2,10,1
id014,0,2,5,15,0,2,6,27,0,2,7,50,0,2,8,28,0,2,9,7,1,0,9,9,1,2,3,6,1,2,4,57,1,2,5,92,1,2,6,172,1,2,7,82,1,2,8,63,1,2,9,33,1,2,10,4
id015,0,0,8,2,0,0,9,8,0,2,5,16,0,2,6,36,0,2,7,59,0,2,8,24,0,2,9,34,1,0,8,5,1,0,9,9,1,0,10,3,1,2,5,25,1,2,6,43,1,2,7,90,1,2,8,54,1,2,9,21,1,2,10,3
id016,0,0,6,1,0,0,7,8,0,0,8,10,0,0,9,8,0,2,5,9,0,2,6,28,0,2,7,12,0,2,8,15,0,2,9,7,1,0,4,10,1,0,5,22,1,0,6,27,1,0,7,14,1,0,8,23,1,0,9,2,1,2,3,7,1,2,4,47,1,2,5,56,1,2,6,83,1,2,7,44,1,2,8,29,1,2,9,20,1,2,10,1
id017,0,0,9,5,0,2,5,26,0,2,6,96,0,2,7,117,0,2,8,57,0,2,9,35,0,2,10,4,1,0,9,1,1,2,4,2,1,2,5,28,1,2,6,58,1,2,7,48,1,2,8,60,1,2,9,29
id018,0,0,5,11,0,0,6,12,0,0,7,23,0,0,8,10,0,0,9,9,0,2,3,2,0,2,4,30,0,2,5,52,0,2,6,56,0,2,7,19,0,2,8,21,0,2,9,15,0,2,10,2,1,0,4,4,1,0,6,15,1,0,7,10,1,0,8,8,1,0,9,1,1,2,3,1,1,2,4,23,1,2,5,14,1,2,6,46,1,2,7,29,1,2,8,19,1,2,9,11
id019,0,0,8,1,0,2,4,16,0,2,5,50,0,2,6,57,0,2,7,38,0,2,8,19,1,0,8,8,1,2,3,13,1,2,4,50,1,2,5,91,1,2,6,75,1,2,7,48,1,2,8,12,1,2,9,13,1,2,10,2
id020,0,0,5,21,0,0,6,29,0,0,7,26,0,0,8,23,0,0,9,22,0,2,4,17,0,2,5,70,0,2,6,85,0,2,7,42,0,2,8,43,0,2,9,12,1,0,5,3,1,0,6,9,1,0,7,4,1,2,4,3,1,2,5,20,1,2,6,39,1,2,7,20,1,2,8,21,1,2,9,8,1,2,10,1
id021,0,0,6,6,0,0,7,19,0,0,8,12,0,2,3,21,0,2,4,40,0,2,5,120,0,2,6,136,0,2,7,66,0,2,8,50,0,2,9,3,1,0,8,1,1,2,4,2,1,2,5,19,1,2,6,25,1,2,7,20,1,2,8,14,1,2,9,21,1,2,10,3
id022,0,0,6,11,0,0,7,19,0,0,8,15,0,0,9,7,0,2,3,2,0,2,4,43,0,2,5,85,0,2,6,116,0,2,7,78,0,2,8,36,0,2,9,29,1,0,6,3,1,0,7,4,1,0,8,5,1,0,9,4,1,2,3,4,1,2,4,28,1,2,5,20,1,2,6,65,1,2,7,52,1,2,8,31,1,2,9,26,1,2,10,3
id023,0,2,8,8,0,2,9,2,1,0,6,7,1,0,7,23,1,0,8,12,1,0,9,10,1,2,3,8,1,2,4,44,1,2,5,112,1,2,6,161,1,2,7,77,1,2,8,45,1,2,9,24,1,2,10,2,1,3,9,2
id024,0,0,8,5,0,0,9,5,0,2,5,27,0,2,6,48,0,2,7,41,0,2,8,36,0,2,9,20,1,0,7,6,1,0,8,14,1,0,9,10,1,2,3,7,1,2,4,42,1,2,5,96,1,2,6,160,1,2,7,92,1,2,8,47,1,2,9,37,1,2,10,3
id025,0,2,4,2,0,2,5,100,0,2,6,95,0,2,7,166,0,2,8,124,0,2,9,56,0,2,10,4,1,2,4,3,1,2,5,15,1,2,6,38,1,2,7,41,1,2,8,18,1,2,9,18
id026,0,2,4,3,0,2,5,36,0,2,6,62,0,2,7,48,0,2,8,33,0,2,9,18,0,2,10,2,1,2,4,4,1,2,5,53,1,2,6,118,1,2,7,86,1,2,8,58,1,2,9,20
id027,0,0,9,2,0,2,8,11,0,2,9,9,1,0,4,1,1,0,5,7,1,0,6,17,1,0,7,33,1,0,8,39,1,0,9,21,1,2,4,13,1,2,5,63,1,2,6,113,1,2,7,86,1,2,8,33,1,2,9,35,1,2,10,2
id028,0,0,6,1,0,0,7,1,0,0,8,8,0,0,9,7,0,2,5,1,0,2,6,16,0,2,7,26,0,2,8,30,0,2,9,17,1,0,5,13,1,0,6,26,1,0,7,46,1,0,8,27,1,0,9,15,1,0,10,7,1,2,5,64,1,2,6,74,1,2,7,76,1,2,8,32,1,2,9,17
id029,0,0,4,2,0,0,5,12,0,0,6,16,0,0,7,15,0,0,8,27,0,0,9,20,0,2,4,22,0,2,5,32,0,2,6,65,0,2,7,27,0,2,8,28,0,2,9,10,1,0,4,5,1,0,5,12,1,0,6,25,1,0,7,12,1,0,8,7,1,2,4,27,1,2,5,34,1,2,6,44,1,2,7,45,1,2,8,28,1,2,9,19,1,2,10,3
id030,0,0,4,6,0,0,5,25,0,0,6,36,0,0,7,43,0,0,8,34,0,0,9,4,0,2,4,12,0,2,5,41,0,2,6,39,0,2,7,12,0,2,8,13,1,0,4,1,1,0,5,47,1,0,6,62,1,0,7,15,1,2,4,7,1,2,5,25,1,2,6,23,1,2,7,28,1,2,8,16,1,2,9,14,1,2,10,2
id031,0,2,3,6,0,2,4,41,0,2,5,107,0,2,6,134,0,2,7,88,0,2,8,55,0,2,9,6,1,2,9,2,1,2,10,2
id032,0,2,3,5,0,2,4,36,0,2,5,95,0,2,6,132,0,2,7,103,0,2,8,52,0,2,9,10,1,2,9,1,1,2,10,2
id033,0,0,9,6,0,2,4,5,0,2,5,53,0,2,6,92,0,2,7,101,0,2,8,65,0,2,9,30,1,2,4,11,1,2,5,13,1,2,6,51,1,2,7,41,1,2,8,35,1,2,9,20,1,2,10,2
id034,0,0,4,1,0,0,5,13,0,0,6,26,0,0,7,30,0,0,8,40,0,0,9,42,0,0,10,10,0,2,4,31,0,2,5,77,0,2,6,159,0,2,7,98,0,2,8,62,0,2,9,28,1,0,6,4,1,0,7,4,1,0,8,5,1,2,5,6,1,2,6,41,1,2,7,36,1,2,8,21,1,2,9,28
id035,0,0,7,5,0,0,8,8,0,0,9,6,0,2,6,15,0,2,7,19,0,2,8,16,0,2,9,11,0,2,10,2,1,0,4,4,1,0,5,27,1,0,6,52,1,0,7,31,1,0,8,20,1,0,9,7,1,2,4,18,1,2,5,82,1,2,6,94,1,2,7,39,1,2,8,32,1,2,9,24,1,2,10,2
id036,0,0,6,3,0,0,7,5,0,0,8,4,0,0,9,6,0,2,4,1,0,2,5,15,0,2,6,37,0,2,7,20,0,2,8,21,0,2,9,16,1,0,5,9,1,0,6,25,1,0,7,9,1,0,8,25,1,0,9,16,1,2,4,55,1,2,5,76,1,2,6,94,1,2,7,33,1,2,8,27,1,2,9,28,1,2,10,2
id037,0,0,6,7,0,0,7,16,0,0,8,13,0,0,9,13,0,2,4,37,0,2,5,86,0,2,6,141,0,2,7,72,0,2,8,46,0,2,9,25,0,2,10,4,1,0,7,3,1,0,8,5,1,0,9,7,1,2,4,26,1,2,5,27,1,2,6,78,1,2,7,53,1,2,8,34,1,2,9,23
id038,0,0,5,1,0,0,6,5,0,0,7,11,0,0,8,17,0,0,9,11,0,2,5,11,0,2,6,34,0,2,7,27,0,2,8,21,0,2,9,10,1,0,5,18,1,0,6,39,1,0,7,27,1,0,8,24,1,0,9,14,1,0,10,3,1,2,4,2,1,2,5,37,1,2,6,67,1,2,7,69,1,2,8,17,1,2,9,25
id039,0,0,7,1,0,0,8,4,0,2,6,3,0,2,7,9,0,2,8,8,1,0,4,12,1,0,5,39,1,0,6,26,1,0,7,26,1,0,8,21,1,0,9,26,1,2,3,6,1,2,4,58,1,2,5,117,1,2,6,130,1,2,7,55,1,2,8,42,1,2,9,20,1,2,10,3,1,3,9,5
id040,0,2,5,40,0,2,6,83,0,2,7,114,0,2,8,80,0,2,9,33,0,2,10,5
id041,0,0,6,3,0,0,7,7,0,0,8,16,0,0,9,12,0,0,10,1,0,2,4,1,0,2,5,12,0,2,6,22,0,2,7,37,0,2,8,17,0,2,9,20,0,2,10,3,0,3,8,3,0,3,9,6,1,0,4,3,1,0,5,2,1,0,6,17,1,0,7,15,1,0,8,25,1,0,9,6,1,1,9,3,1,2,5,37,1,2,6,40,1,2,7,58,1,2,8,35,1,2,9,11,1,3,7,4,1,3,8,1,1,3,9,1
id042,1,0,8,3,1,0,9,7,1,2,3,7,1,2,4,51,1,2,5,118,1,2,6,152,1,2,7,91,1,2,8,66,1,2,9,30,1,2,10,1
id043,0,0,5,5,0,0,6,7,0,0,7,14,0,0,8,28,0,0,9,18,0,0,10,4,0,2,4,29,0,2,5,76,0,2,6,102,0,2,7,75,0,2,8,33,0,2,9,42
id044,0,2,6,5,0,2,7,4,0,2,8,20,0,2,9,14,0,2,10,1,1,0,6,6,1,0,7,9,1,0,8,22,1,0,9,14,1,0,10,1,1,2,4,5,1,2,5,40,1,2,6,48,1,2,7,107,1,2,8,82,1,2,9,41,1,2,10,3
id045,0,0,6,4,0,0,7,12,0,0,8,10,0,0,9,1,0,2,4,32,0,2,5,73,0,2,6,57,0,2,7,49,0,2,8,34,0,2,9,12,1,0,6,7,1,0,7,10,1,0,8,8,1,2,3,3,1,2,4,51,1,2,5,80,1,2,6,102,1,2,7,38,1,2,8,31,1,2,9,27,1,2,10,1
id046,0,0,8,1,0,0,9,3,0,2,5,3,0,2,6,35,0,2,7,63,0,2,8,47,0,2,9,19,1,0,7,14,1,0,8,18,1,0,9,10,1,2,4,6,1,2,5,89,1,2,6,175,1,2,7,105,1,2,8,77,1,2,9,24,1,2,10,3
id047,0,0,7,3,0,0,8,4,0,2,4,15,0,2,5,32,0,2,6,43,0,2,7,42,0,2,8,29,0,2,9,13,0,2,10,3,1,0,7,11,1,0,8,8,1,2,3,4,1,2,4,34,1,2,5,77,1,2,6,103,1,2,7,49,1,2,8,23,1,2,9,4
id048,0,0,8,9,0,0,9,3,0,0,10,4,0,2,4,3,0,2,5,39,0,2,6,43,0,2,7,84,0,2,8,40,0,2,9,7,1,0,8,5,1,0,9,6,1,2,5,31,1,2,6,39,1,2,7,56,1,2,8,26,1,2,9,3
id049,0,0,4,1,0,0,5,6,0,0,6,23,0,0,7,24,0,0,8,18,0,0,9,6,0,2,3,4,0,2,4,41,0,2,5,108,0,2,6,146,0,2,7,61,0,2,8,34,0,2,9,19,0,2,10,2
id050,0,0,8,1,0,0,9,2,0,2,4,7,0,2,5,10,0,2,6,49,0,2,7,27,0,2,8,32,0,2,9,19,0,2,10,3,1,0,7,11,1,0,8,11,1,0,9,2,1,2,4,31,1,2,5,87,1,2,6,147,1,2,7,77,1,2,8,39,1,2,9,20
id051,0,0,6,1,0,0,7,11,0,0,8,13,0,0,9,15,0,2,4,47,0,2,5,105,0,2,6,185,0,2,7,92,0,2,8,79,0,2,9,31,1,2,5,3,1,2,6,22,1,2,7,18,1,2,8,25,1,2,9,14,1,2,10,2
id052,0,0,8,2,0,2,6,21,0,2,7,22,0,2,8,24,0,2,9,13,1,0,6,9,1,0,7,20,1,0,8,12,1,0,9,2,1,2,4,42,1,2,5,101,1,2,6,137,1,2,7,58,1,2,8,31,1,2,9,14,1,2,10,2
id053,0,0,7,1,0,0,8,6,0,0,9,6,0,2,5,1,0,2,6,15,0,2,7,22,0,2,8,19,0,2,9,9,1,0,5,3,1,0,6,18,1,0,7,33,1,0,8,27,1,0,9,10,1,0,10,4,1,2,4,15,1,2,5,75,1,2,6,102,1,2,7,89,1,2,8,46,1,2,9,12
id054,0,0,8,2,0,2,6,20,0,2,7,28,0,2,8,7,1,0,5,4,1,0,6,22,1,0,7,20,1,0,8,14,1,0,9,12,1,0,10,2,1,2,4,36,1,2,5,112,1,2,6,152,1,2,7,67,1,2,8,22,1,2,9,5
id055,0,0,4,4,0,0,5,12,0,0,6,16,0,0,7,22,0,0,8,25,0,0,9,1,0,2,3,2,0,2,4,34,0,2,5,45,0,2,6,55,0,2,7,29,0,2,8,26,0,2,9,3,1,0,5,5,1,0,6,4,1,0,7,8,1,0,9,5,1,0,10,2,1,2,3,5,1,2,4,5,1,2,5,22,1,2,6,16,1,2,7,22,1,2,8,13
id056,0,0,6,5,0,0,7,8,0,0,8,4,0,0,9,9,0,1,8,5,0,2,4,3,0,2,5,34,0,2,6,47,0,2,7,14,0,2,8,15,0,2,9,9,0,3,4,4,0,3,5,5,0,3,6,12,0,3,7,3,0,3,8,21,0,3,9,13,1,0,6,4,1,0,7,5,1,0,8,4,1,0,9,1,1,1,7,2,1,1,8,4,1,1,9,4,1,1,10,3,1,2,3,1,1,2,4,13,1,2,5,21,1,2,6,52,1,2,7,20,1,2,8,26,1,2,9,22,1,3,3,1,1,3,4,3,1,3,5,14,1,3,6,10,1,3,7,10,1,3,8,5,1,3,10,1
id057,0,0,5,24,0,0,6,38,0,0,7,30,0,0,8,32,0,0,9,23,0,0,10,1,0,2,5,77,0,2,6,108,0,2,7,68,0,2,8,43,0,2,9,18,0,2,10,2,1,2,6,11,1,2,7,10,1,2,8,5,1,2,9,5
id058,0,0,6,2,0,0,7,6,0,0,8,4,0,0,9,8,0,2,4,13,0,2,5,20,0,2,6,47,0,2,7,33,0,2,8,32,0,2,9,13,1,0,5,5,1,0,6,14,1,0,7,22,1,0,8,13,1,0,9,3,1,2,4,62,1,2,5,76,1,2,6,146,1,2,7,53,1,2,8,34,1,2,9,12,1,2,10,2
id059,0,0,5,4,0,0,6,8,0,0,7,19,0,0,8,17,0,0,9,16,0,2,4,8,0,2,5,51,0,2,6,78,0,2,7,70,0,2,8,40,0,2,9,21,0,2,10,4,1,0,6,2,1,0,7,5,1,0,8,6,1,0,9,3,1,2,4,6,1,2,5,15,1,2,6,20,1,2,7,43,1,2,8,18,1,2,9,21
id060,0,2,4,4,0,2,5,57,0,2,6,84,0,2,7,83,0,2,8,46,0,2,9,22,1,2,4,50,1,2,5,41,1,2,6,124,1,2,7,75,1,2,8,63,1,2,9,43,1,2,10,3
id061,0,2,5,7,0,2,6,17,0,2,7,43,0,2,8,13,0,2,9,7,1,2,4,34,1,2,5,36,1,2,6,99,1,2,7,65,1,2,8,13,1,2,9,14,1,2,10,2
id062,0,0,6,1,0,0,7,14,0,0,8,18,0,0,9,17,0,2,4,39,0,2,5,90,0,2,6,173,0,2,7,95,0,2,8,78,0,2,9,39,1,2,4,3,1,2,5,8,1,2,6,44,1,2,7,24,1,2,8,18,1,2,9,19,1,2,10,2
id063,0,2,9,3,1,0,5,7,1,0,6,10,1,0,7,33,1,0,8,13,1,0,9,4,1,2,1,3,1,2,2,7,1,2,3,17,1,2,4,31,1,2,5,40,1,2,6,88,1,2,7,79,1,2,8,69,1,2,9,29,1,3,9,4,1,3,10,4
id064,0,0,8,8,0,0,9,7,0,2,4,1,0,2,5,43,0,2,6,81,0,2,7,49,0,2,8,40,0,2,9,22,0,3,8,3,0,3,9,5,1,0,7,2,1,0,8,11,1,0,9,7,1,2,4,15,1,2,5,62,1,2,6,113,1,2,7,57,1,2,8,26,1,2,9,27,1,2,10,1,1,3,8,4,1,3,9,3,1,3,10,2
id065,0,0,4,2,0,0,5,9,0,0,6,34,0,0,7,37,0,0,8,19,0,0,9,5,0,2,4,17,0,2,5,81,0,2,6,98,0,2,7,55,0,2,8,31,0,2,9,18,1,0,4,2,1,0,5,7,1,0,6,16,1,0,7,7,1,0,8,6,1,2,4,21,1,2,5,40,1,2,6,53,1,2,7,27,1,2,8,31,1,2,9,15,1,2,10,3
id066,0,0,4,3,0,0,5,10,0,0,6,17,0,0,7,21,0,0,8,29,0,0,9,16,0,2,4,49,0,2,5,94,0,2,6,53,0,2,7,46,0,2,8,21,0,2,9,7,1,0,5,4,1,0,6,3,1,0,7,4,1,2,4,21,1,2,5,43,1,2,6,25,1,2,7,27,1,2,8,16,1,2,9,24,1,2,10,1
id067,0,0,6,13,0,0,7,16,0,0,8,13,0,0,9,1,0,2,4,9,0,2,5,56,0,2,6,46,0,2,7,27,0,2,8,32,0,2,9,12,1,0,4,3,1,0,5,25,1,0,6,26,1,0,7,16,1,0,8,19,1,2,4,57,1,2,5,106,1,2,6,79,1,2,7,36,1,2,8,23,1,2,9,22,1,2,10,3
id068,0,0,6,20,0,0,7,23,0,0,8,25,0,0,9,15,0,1,8,3,0,1,9,3,0,1,10,1,0,2,4,6,0,2,5,86,0,2,6,103,0,2,7,81,0,2,8,41,0,2,9,17,0,3,6,2,0,3,7,19,0,3,8,23,0,3,9,11,0,3,10,1,1,2,5,6,1,2,6,20,1,2,7,33,1,2,8,19,1,2,9,25
id069,0,0,8,1,0,0,9,2,0,2,6,1,0,2,7,4,0,2,8,19,0,2,9,13,1,0,5,1,1,0,6,12,1,0,7,9,1,0,8,31,1,0,9,18,1,2,4,32,1,2,5,52,1,2,6,128,1,2,7,60,1,2,8,22,1,2,9,21,1,2,10,3
id070,0,2,3,23,0,2,4,63,0,2,5,101,0,2,6,99,0,2,7,66,0,2,8,53,0,2,9,15,1,2,4,1,1,2,5,8,1,2,6,9,1,2,7,12,1,2,8,7,1,2,9,14,1,2,10,2
id071,0,0,5,1,0,0,6,7,0,0,7,13,0,0,8,9,0,2,5,19,0,2,6,19,0,2,7,20,0,2,8,11,1,0,3,2,1,0,4,12,1,0,5,32,1,0,6,26,1,0,7,20,1,0,8,12,1,2,3,5,1,2,4,51,1,2,5,78,1,2,6,52,1,2,7,26,1,2,8,16,1,2,9,8,1,2,10,2
id072,0,0,6,4,0,0,7,6,0,0,8,6,0,2,4,3,0,2,5,28,0,2,6,55,0,2,7,23,0,2,8,25,0,3,8,2,1,0,5,10,1,0,6,16,1,0,7,13,1,0,8,8,1,0,9,11,1,1,9,1,1,1,10,1,1,2,3,10,1,2,4,51,1,2,5,97,1,2,6,73,1,2,7,54,1,2,8,23,1,2,9,8,1,3,8,2,1,3,9,5
id073,0,0,5,14,0,0,6,21,0,0,7,27,0,0,8,25,0,0,9,20,0,1,9,1,0,1,10,1,0,2,4,9,0,2,5,53,0,2,6,83,0,2,7,56,0,2,8,36,0,2,9,12,0,2,10,3,0,3,8,7,0,3,9,4,1,0,5,1,1,0,6,3,1,0,7,5,1,0,8,7,1,0,9,2,1,2,4,1,1,2,5,14,1,2,6,22,1,2,7,30,1,2,8,17,1,2,9,13
id074,0,0,6,5,0,0,7,8,0,0,8,11,0,0,9,7,0,2,5,3,0,2,6,12,0,2,7,10,0,2,8,8,0,2,9,8,1,0,4,12,1,0,5,30,1,0,6,64,1,0,7,32,1,0,8,17,1,0,9,7,1,2,4,11,1,2,5,44,1,2,6,45,1,2,7,22,1,2,8,8,1,2,9,16,1,2,10,4
id075,0,0,4,1,0,0,5,12,0,0,6,22,0,0,7,33,0,0,8,21,0,0,9,1,0,2,4,2,0,2,5,4,0,2,6,9,0,2,7,1,0,2,8,3,1,0,3,5,1,0,4,44,1,0,5,80,1,0,6,70,1,0,7,31,1,0,8,5,1,2,3,5,1,2,4,23,1,2,5,39,1,2,6,17,1,2,7,23,1,2,8,15,1,2,9,10,1,2,10,2
id076,0,2,7,15,0,2,8,17,1,0,9,4,1,2,4,36,1,2,5,118,1,2,6,148,1,2,7,85,1,2,8,64,1,2,9,34,1,2,10,3
id077,0,0,6,3,0,0,7,14,0,0,8,6,0,0,9,16,0,2,4,35,0,2,5,55,0,2,6,138,0,2,7,72,0,2,8,43,0,2,9,29,1,2,5,3,1,2,6,7,1,2,7,7,1,2,8,6,1,2,9,4,1,2,10,1
id078,0,0,7,1,0,0,8,6,0,0,9,2,0,0,10,3,0,2,5,5,0,2,6,17,0,2,7,32,0,2,8,20,0,2,9,8,1,0,5,4,1,0,7,18,1,0,8,21,1,0,9,12,1,2,4,6,1,2,5,54,1,2,6,96,1,2,7,69,1,2,8,31,1,2,9,5
id079,0,0,4,44,0,0,5,63,0,0,6,61,0,0,7,51,0,0,8,25,0,1,8,4,0,2,3,11,0,2,4,63,0,2,5,90,0,2,6,55,0,2,7,21,0,2,8,1,0,3,7,2,1,0,4,17,1,0,5,30,1,0,6,3,1,2,3,1,1,2,4,16,1,2,5,23,1,2,6,22,1,2,7,27,1,2,8,21,1,2,9,14,1,2,10,1
id080,1,0,5,7,1,0,6,24,1,0,7,24,1,0,8,27,1,0,9,17,1,2,4,70,1,2,5,136,1,2,6,162,1,2,7,88,1,2,8,50,1,2,9,22,1,2,10,2,1,3,8,4,1,3,9,2
id081,0,2,4,18,0,2,5,92,0,2,6,163,0,2,7,111,0,2,8,73,0,2,9,22,1,2,4,6,1,2,5,34,1,2,6,82,1,2,7,56,1,2,8,32,1,2,9,17,1,2,10,2
id082,0,2,5,9,0,2,6,29,0,2,7,34,0,2,8,36,0,2,9,13,1,0,7,4,1,0,8,14,1,2,4,69,1,2,5,125,1,2,6,167,1,2,7,70,1,2,8,44,1,2,9,17,1,2,10,2
id083,0,0,7,5,0,0,8,7,0,0,9,13,0,2,4,4,0,2,5,78,0,2,6,149,0,2,7,104,0,2,8,71,0,2,9,42,0,2,10,2,1,2,5,14,1,2,6,32,1,2,7,15,1,2,8,12,1,2,9,13
id084,0,0,6,4,0,0,7,9,0,0,8,7,0,2,5,11,0,2,6,41,0,2,7,30,0,2,8,14,0,2,9,2,1,0,4,4,1,0,5,20,1,0,6,45,1,0,7,29,1,0,8,23,1,0,9,10,1,0,10,3,1,2,4,44,1,2,5,107,1,2,6,115,1,2,7,54,1,2,8,34,1,2,9,26,1,2,10,2
id085,0,0,7,2,0,0,8,3,0,0,9,4,0,2,5,15,0,2,6,39,0,2,7,34,0,2,8,34,0,2,9,16,1,0,6,16,1,0,7,23,1,0,8,20,1,0,9,8,1,2,4,31,1,2,5,112,1,2,6,171,1,2,7,67,1,2,8,47,1,2,9,18,1,2,10,3
id086,0,0,5,13,0,0,6,27,0,0,7,32,0,0,8,21,0,0,9,4,0,2,3,7,0,2,4,61,0,2,5,121,0,2,6,74,0,2,7,44,0,2,8,29,1,0,5,6,1,0,6,5,1,0,7,3,1,2,3,4,1,2,4,41,1,2,5,68,1,2,6,48,1,2,7,28,1,2,8,29,1,2,9,20,1,2,10,2
id087,0,0,5,1,0,0,6,19,0,0,7,27,0,0,8,27,0,0,9,5,0,2,4,29,0,2,5,68,0,2,6,82,0,2,7,43,0,2,8,46,0,2,9,19,1,0,5,4,1,0,6,16,1,0,7,14,1,2,4,14,1,2,5,59,1,2,6,78,1,2,7,51,1,2,8,31,1,2,9,17,1,2,10,3
id088,0,0,7,5,0,0,8,7,0,2,5,12,0,2,6,37,0,2,7,38,0,2,8,16,0,2,9,2,1,0,5,7,1,0,6,27,1,0,7,27,1,0,8,17,1,0,9,9,1,2,3,5,1,2,4,62,1,2,5,128,1,2,6,111,1,2,7,62,1,2,8,28,1,2,9,23,1,2,10,2
id089,0,0,8,4,0,0,9,6,0,0,10,2,0,2,7,8,0,2,8,19,0,2,9,24,0,2,10,1,1,0,4,7,1,0,5,14,1,0,6,50,1,0,7,40,1,0,8,36,1,0,9,9,1,2,4,50,1,2,5,77,1,2,6,147,1,2,7,120,1,2,8,46,1,2,9,34
id090,0,0,6,6,0,0,7,7,0,0,8,13,0,2,4,3,0,2,5,39,0,2,6,58,0,2,7,42,0,2,8,21,1,0,5,12,1,0,6,43,1,0,7,18,1,0,8,10,1,2,4,89,1,2,5,177,1,2,6,89,1,2,7,51,1,2,8,19,1,2,9,20,1,2,10,2
id091,0,2,4,23,0,2,5,47,0,2,6,62,0,2,7,45,0,2,8,27,0,2,9,15,0,3,8,4,1,2,4,65,1,2,5,88,1,2,6,115,1,2,7,74,1,2,8,26,1,2,9,24,1,2,10,1,1,3,8,5
id092,0,0,4,1,0,0,5,4,0,0,6,14,0,0,7,18,0,0,8,11,0,2,4,12,0,2,5,28,0,2,6,55,0,2,7,34,0,2,8,25,1,0,4,13,1,0,5,24,1,0,6,25,1,0,7,16,1,0,8,15,1,0,9,12,1,2,3,6,1,2,4,48,1,2,5,81,1,2,6,74,1,2,7,42,1,2,8,24,1,2,9,24,1,2,10,4
id093,0,0,7,4,0,0,8,1,0,2,5,2,0,2,6,11,0,2,7,4,1,0,4,6,1,0,5,21,1,0,6,19,1,0,7,25,1,0,8,12,1,2,3,20,1,2,4,62,1,2,5,91,1,2,6,46,1,2,7,30,1,2,8,4,1,2,9,10,1,2,10,1
id094,0,2,4,23,0,2,5,70,0,2,6,76,0,2,7,42,0,2,8,24,0,2,9,5,1,2,3,2,1,2,4,50,1,2,5,78,1,2,6,85,1,2,7,70,1,2,8,37,1,2,9,14,1,2,10,2
id095,0,0,5,2,0,0,6,10,0,0,7,14,0,0,8,15,0,0,9,6,0,2,3,2,0,2,4,50,0,2,5,89,0,2,6,49,0,2,7,37,0,2,8,24,0,2,9,8,1,0,5,2,1,0,6,5,1,0,7,6,1,0,8,5,1,2,3,7,1,2,4,34,1,2,5,81,1,2,6,58,1,2,7,50,1,2,8,25,1,2,9,18,1,2,10,2
id096,0,0,5,5,0,0,6,16,0,0,7,17,0,0,8,24,0,0,9,11,0,2,4,6,0,2,5,62,0,2,6,78,0,2,7,35,0,2,8,38,0,2,9,14,1,0,5,11,1,0,6,30,1,0,7,14,1,0,8,11,1,0,9,6,1,2,4,27,1,2,5,51,1,2,6,80,1,2,7,67,1,2,8,31,1,2,9,28,1,2,10,5
id097,0,0,9,1,0,2,5,9,0,2,6,29,0,2,7,33,0,2,8,29,0,2,9,1,1,0,7,5,1,0,8,18,1,0,9,12,1,0,10,3,1,2,3,28,1,2,4,54,1,2,5,128,1,2,6,155,1,2,7,83,1,2,8,66,1,2,9,23,1,2,10,3
id098,0,0,7,3,0,0,8,8,0,2,4,4,0,2,5,18,0,2,6,27,0,2,7,13,0,2,8,22,1,0,5,5,1,0,6,23,1,0,7,30,1,0,8,24,1,0,9,6,1,2,3,5,1,2,4,53,1,2,5,165,1,2,6,77,1,2,7,36,1,2,8,46,1,2,9,15,1,2,10,3
id099,0,0,5,2,0,0,6,5,0,0,7,14,0,0,8,9,0,0,9,7,0,2,4,2,0,2,5,50,0,2,6,84,0,2,7,47,0,2,8,19,0,2,9,1,1,0,5,2,1,0,6,11,1,0,7,5,1,0,8,10,1,0,9,8,1,0,10,2,1,2,4,24,1,2,5,38,1,2,6,63,1,2,7,27,1,2,8,28,1,2,9,9
id100,0,0,6,9,0,0,7,26,0,0,8,26,0,0,9,12,0,0,10,6,0,2,5,77,0,2,6,87,0,2,7,83,0,2,8,50,0,2,9,33,1,0,7,1,1,0,8,1,1,2,6,15,1,2,7,13,1,2,8,5,1,2,9,1
id101,0,0,5,1,0,0,6,7,0,0,7,10,0,0,8,14,0,0,9,3,0,2,4,37,0,2,5,64,0,2,6,35,0,2,7,32,0,2,8,13,0,3,8,3,1,0,5,2,1,0,6,11,1,0,7,8,1,0,8,2,1,0,9,7,1,2,3,13,1,2,4,40,1,2,5,64,1,2,6,53,1,2,7,29,1,2,8,10,1,2,9,19,1,2,10,2,1,3,8,1,1,3,9,1
id102,0,2,6,4,0,2,7,20,0,2,8,5,1,0,5,1,1,0,6,3,1,0,7,22,1,0,8,17,1,0,9,11,1,2,2,12,1,2,3,15,1,2,4,40,1,2,5,114,1,2,6,128,1,2,7,71,1,2,8,23,1,2,9,8,1,2,10,2
id103,0,2,4,16,0,2,5,14,0,2,6,36,0,2,7,31,0,2,8,37,0,2,9,26,1,2,2,20,1,2,3,29,1,2,4,46,1,2,5,63,1,2,6,114,1,2,7,87,1,2,8,36,1,2,9,17,1,2,10,1
id104,0,0,3,1,0,0,4,9,0,0,5,17,0,0,6,11,0,0,7,33,0,0,8,41,0,0,9,17,0,0,10,2,0,2,3,8,0,2,4,4,0,2,5,3,0,2,8,58,0,2,9,27,1,0,4,7,1,0,5,17,1,0,6,37,1,0,7,59,1,0,8,41,1,0,9,15,1,2,3,8,1,2,4,2,1,2,5,8,1,2,6,9,1,2,8,70,1,2,9,14
id105,0,0,7,2,0,0,8,12,0,0,9,8,0,2,3,10,0,2,4,6,0,2,5,9,0,2,6,34,0,2,7,35,0,2,8,58,0,2,9,25,0,2,10,3,1,0,6,2,1,0,7,12,1,0,8,11,1,0,9,16,1,2,2,3,1,2,3,16,1,2,4,34,1,2,5,12,1,2,6,73,1,2,7,83,1,2,8,43,1,2,9,49
id106,0,2,6,7,0,2,7,11,1,0,5,1,1,0,6,9,1,0,7,15,1,0,8,13,1,0,9,12,1,2,2,16,1,2,3,32,1,2,4,94,1,2,5,171,1,2,6,82,1,2,7,60,1,2,8,22,1,2,9,7,1,2,10,2
id107,0,0,6,2,0,0,7,8,0,0,8,6,0,0,9,7,0,0,10,2,0,2,3,4,0,2,4,15,0,2,5,11,0,2,6,34,0,2,7,41,0,2,8,16,0,2,9,12,1,0,5,2,1,0,6,21,1,0,7,23,1,0,8,6,1,0,9,13,1,2,1,1,1,2,2,15,1,2,3,33,1,2,4,33,1,2,5,64,1,2,6,100,1,2,7,61,1,2,8,24,1,2,9,27,1,3,9,4
id108,0,0,5,2,0,0,6,1,0,0,7,12,0,0,8,13,0,0,9,9,0,0,10,1,0,2,3,7,0,2,4,11,0,2,5,23,0,2,6,24,0,2,7,43,0,2,8,38,0,2,9,4,1,0,5,6,1,0,6,8,1,0,7,15,1,0,8,19,1,0,9,12,1,0,10,3,1,2,2,3,1,2,3,4,1,2,4,12,1,2,5,35,1,2,6,39,1,2,7,42,1,2,8,22,1,2,9,9
id109,0,0,8,3,0,0,9,6,0,2,3,5,0,2,4,24,0,2,5,36,0,2,6,78,0,2,7,44,0,2,8,51,0,2,9,19,1,0,9,4,1,2,3,11,1,2,4,18,1,2,5,20,1,2,6,70,1,2,7,39,1,2,8,43,1,2,9,38,1,2,10,4
id110,0,0,8,6,0,0,9,6,0,2,3,1,0,2,4,18,0,2,5,32,0,2,6,76,0,2,7,45,0,2,8,44,0,2,9,24,1,0,8,4,1,0,9,7,1,2,3,6,1,2,4,9,1,2,5,10,1,2,6,43,1,2,7,51,1,2,8,36,1,2,9,7,1,2,10,2
id111,1,0,4,1,1,0,5,8,1,0,6,18,1,0,7,20,1,0,8,16,1,0,9,8,1,0,10,1,1,2,2,15,1,2,3,15,1,2,4,18,1,2,5,17,1,2,6,43,1,2,7,85,1,2,8,43,1,2,9,12
id112,0,0,6,5,0,0,7,6,0,0,8,10,0,0,9,9,0,2,3,1,0,2,4,22,0,2,5,4,0,2,6,15,0,2,7,65,0,2,8,26,0,2,9,14,1,0,4,6,1,0,5,1,1,0,6,27,1,0,7,24,1,0,8,14,1,0,9,15,1,0,10,1,1,2,2,15,1,2,3,29,1,2,4,45,1,2,5,11,1,2,6,92,1,2,7,104,1,2,8,48,1,2,9,15,1,2,10,1
id113,1,0,9,6,1,2,1,1,1,2,2,13,1,2,3,11,1,2,4,43,1,2,5,32,1,2,6,77,1,2,7,118,1,2,8,139,1,2,9,38,1,2,10,2
id114,1,2,0,2,1,2,1,4,1,2,2,20,1,2,3,14,1,2,4,15,1,2,5,41,1,2,6,111,1,2,7,88,1,2,8,34,1,2,9,17,1,2,10,2
id115,0,0,5,5,0,0,6,23,0,0,7,12,0,0,8,19,0,0,9,1,0,2,1,4,0,2,2,13,0,2,3,24,0,2,4,38,0,2,5,33,0,2,6,79,0,2,7,117,0,2,8,54,0,2,9,14,0,2,10,1,0,3,9,2
id116,0,0,2,1,0,0,3,3,0,0,4,14,0,0,5,17,0,0,6,32,0,0,7,45,0,0,8,12,0,0,9,7,0,2,2,2,0,2,3,3,0,2,4,9,0,2,5,5,0,2,6,18,0,2,7,28,0,2,8,9,0,2,9,6,1,0,1,2,1,0,2,5,1,0,3,7,1,0,4,7,1,0,5,20,1,0,6,23,1,0,7,32,1,0,8,12,1,0,9,11,1,0,10,4,1,2,2,1,1,2,3,2,1,2,4,1,1,2,5,6,1,2,6,8,1,2,7,46,1,2,8,12,1,2,9,8
id117,0,2,6,3,0,2,7,21,0,2,8,38,0,2,9,5,1,0,7,4,1,0,8,16,1,0,9,13,1,0,10,2,1,2,2,38,1,2,3,34,1,2,4,33,1,2,5,35,1,2,6,151,1,2,7,112,1,2,8,57,1,2,9,12
id118,0,2,4,8,0,2,5,42,0,2,6,61,0,2,7,57,0,2,8,41,0,2,9,16,0,2,10,4,1,2,4,20,1,2,5,46,1,2,6,81,1,2,7,55,1,2,8,50,1,2,9,17,1,2,10,1
id119,0,0,6,1,0,0,7,1,0,0,8,19,0,0,9,11,0,0,10,5,0,2,3,20,0,2,4,47,0,2,5,56,0,2,6,133,0,2,7,81,0,2,8,44,0,2,9,15,1,0,9,1,1,2,5,2,1,2,6,30,1,2,7,12,1,2,8,20,1,2,9,12
id120,0,2,9,6,1,0,6,8,1,0,7,20,1,0,8,30,1,0,9,20,1,0,10,1,1,2,4,39,1,2,5,83,1,2,6,158,1,2,7,94,1,2,8,51,1,2,9,14,1,2,10,3,1,3,7,4,1,3,8,4
id121,0,2,8,9,0,2,9,1,1,0,5,5,1,0,6,23,1,0,7,29,1,0,8,35,1,0,9,18,1,1,8,1,1,1,9,3,1,2,4,37,1,2,5,94,1,2,6,158,1,2,7,68,1,2,8,27,1,2,9,24,1,2,10,2,1,3,6,2,1,3,7,10,1,3,8,9
id122,0,2,7,2,0,2,8,7,1,0,3,13,1,0,4,22,1,0,5,43,1,0,6,43,1,0,7,21,1,0,8,6,1,0,9,5,1,0,10,1,1,2,1,2,1,2,2,18,1,2,3,53,1,2,4,44,1,2,5,91,1,2,6,116,1,2,7,36,1,2,8,8,1,2,9,6,1,2,10,3
id123,0,0,5,3,0,0,6,1,0,0,7,13,0,0,8,14,0,0,9,8,0,2,4,4,0,2,5,21,0,2,6,34,0,2,7,17,0,2,8,10,1,0,4,2,1,0,5,13,1,0,6,18,1,0,7,19,1,0,8,15,1,0,9,4,1,2,3,12,1,2,4,17,1,2,5,28,1,2,6,51,1,2,7,18,1,2,8,24,1,2,9,9,1,2,10,1
id124,0,0,5,3,0,0,6,4,0,0,7,15,0,0,8,21,0,2,2,2,0,2,3,7,0,2,4,25,0,2,5,37,0,2,6,45,0,2,7,28,0,2,8,27,0,2,9,11,1,0,5,3,1,0,6,16,1,0,7,13,1,0,8,13,1,2,2,2,1,2,3,9,1,2,4,28,1,2,5,62,1,2,6,51,1,2,7,44,1,2,8,26,1,2,9,17,1,2,10,1
id125,0,0,9,4,0,2,4,4,0,2,5,30,0,2,6,57,0,2,7,44,0,2,8,34,0,2,9,9,0,2,10,8,1,0,8,2,1,0,9,6,1,2,3,5,1,2,4,32,1,2,5,45,1,2,6,125,1,2,7,99,1,2,8,60,1,2,9,4
id126,0,0,7,2,0,0,9,3,0,2,5,3,0,2,6,10,0,2,7,17,0,2,8,23,0,2,9,10,1,0,6,9,1,0,7,12,1,0,8,13,1,0,9,11,1,0,10,3,1,2,3,2,1,2,4,28,1,2,5,74,1,2,6,66,1,2,7,39,1,2,8,30,1,2,9,12
id127,0,2,5,7,0,2,6,19,0,2,7,27,0,2,8,17,0,2,9,13,1,2,2,1,1,2,3,34,1,2,4,66,1,2,5,166,1,2,6,161,1,2,7,99,1,2,8,72,1,2,9,54,1,2,10,1
id128,0,2,8,3,0,2,9,9,1,0,6,8,1,0,7,8,1,0,8,23,1,0,9,13,1,0,10,6,1,2,3,4,1,2,4,34,1,2,5,36,1,2,6,106,1,2,7,66,1,2,8,44,1,2,9,13
id129,0,2,9,9,1,0,7,9,1,0,8,10,1,0,9,5,1,2,2,7,1,2,3,32,1,2,4,8,1,2,5,37,1,2,6,107,1,2,7,89,1,2,8,60,1,2,9,48,1,2,10,1
id130,0,0,8,2,0,0,9,7,0,2,4,73,0,2,5,65,0,2,6,125,0,2,7,108,0,2,8,51,0,2,9,18,0,2,10,2,1,2,4,1,1,2,5,6,1,2,6,47,1,2,7,20,1,2,8,15,1,2,9,16,1,2,10,2
id131,0,0,6,8,0,0,7,24,0,0,8,8,0,0,9,19,0,2,2,1,0,2,3,23,0,2,4,41,0,2,5,86,0,2,6,138,0,2,7,111,0,2,8,61,0,2,9,32,0,2,10,1,1,2,6,5,1,2,7,14,1,2,8,10,1,2,9,16
id132,0,2,4,4,0,2,5,21,0,2,6,37,0,2,7,36,0,2,8,14,0,2,9,19,0,2,10,2,1,2,3,14,1,2,4,32,1,2,5,79,1,2,6,108,1,2,7,77,1,2,8,48,1,2,9,37
id133,0,2,7,5,0,2,8,7,0,2,9,21,1,0,8,8,1,0,9,9,1,0,10,1,1,2,4,31,1,2,5,90,1,2,6,114,1,2,7,82,1,2,8,48,1,2,9,39,1,2,10,2
id134,0,0,3,2,0,0,4,3,0,0,5,7,0,0,6,10,0,0,7,18,0,0,8,13,0,0,9,13,0,0,10,2,0,2,3,3,0,2,4,8,0,2,5,18,0,2,6,22,0,2,7,59,0,2,8,25,0,2,9,6,1,0,3,1,1,0,4,5,1,0,5,7,1,0,6,35,1,0,7,40,1,0,8,23,1,0,9,23,1,0,10,2,1,2,2,11,1,2,3,18,1,2,4,21,1,2,5,32,1,2,6,57,1,2,7,60,1,2,8,46,1,2,9,30
id135,0,2,8,6,0,2,9,7,1,2,2,14,1,2,3,59,1,2,4,47,1,2,5,169,1,2,6,122,1,2,7,124,1,2,8,70,1,2,9,22,1,2,10,3,1,3,7,3,1,3,8,2
id136,0,2,8,6,0,2,9,7,1,2,2,14,1,2,3,59,1,2,4,47,1,2,5,169,1,2,6,122,1,2,7,124,1,2,8,70,1,2,9,22,1,2,10,3,1,3,7,3,1,3,8,2
id137,1,2,4,34,1,2,5,123,1,2,6,175,1,2,7,134,1,2,8,98,1,2,9,41,1,2,10,6
id138,0,2,7,7,0,2,8,1,0,2,9,9,0,2,10,2,1,0,9,9,1,2,1,4,1,2,2,23,1,2,3,14,1,2,4,25,1,2,5,72,1,2,6,88,1,2,7,93,1,2,8,36,1,2,9,8
id139,0,0,6,2,0,0,7,5,0,0,8,4,0,0,9,7,0,2,3,10,0,2,4,21,0,2,5,7,0,2,6,35,0,2,7,39,0,2,8,37,0,2,9,5,0,3,8,1,1,0,6,11,1,0,7,13,1,0,8,7,1,0,9,18,1,2,2,6,1,2,3,26,1,2,4,23,1,2,5,19,1,2,6,76,1,2,7,51,1,2,8,25,1,2,9,22,1,2,10,3,1,3,8,2,1,3,9,4
id140,1,0,7,7,1,0,8,22,1,0,9,18,1,0,10,2,1,2,3,6,1,2,4,14,1,2,5,37,1,2,6,38,1,2,7,67,1,2,8,71,1,2,9,24,1,2,10,1
id141,1,2,3,1,1,2,4,39,1,2,5,95,1,2,6,95,1,2,7,94,1,2,8,44,1,2,9,24,1,2,10,2
id142,0,2,10,2,1,0,4,3,1,0,5,16,1,0,6,29,1,0,7,20,1,0,8,29,1,0,9,22,1,2,4,25,1,2,5,93,1,2,6,140,1,2,7,70,1,2,8,73,1,2,9,21,1,2,10,2
id143,0,2,3,13,0,2,4,84,0,2,5,163,0,2,6,157,0,2,7,124,0,2,8,74,0,2,9,26,0,2,10,2,1,2,5,25,1,2,6,12,1,2,7,3,1,2,8,17,1,2,9,13
id144,0,2,5,13,0,2,6,35,0,2,7,58,0,2,8,37,0,2,9,25,0,3,8,1,1,2,4,20,1,2,5,74,1,2,6,135,1,2,7,90,1,2,8,51,1,2,9,42,1,2,10,4,1,3,8,4,1,3,9,4
id145,0,2,4,5,0,2,5,20,0,2,6,20,0,2,7,64,0,2,8,28,1,2,1,2,1,2,2,13,1,2,3,20,1,2,4,29,1,2,5,89,1,2,6,148,1,2,7,59,1,2,8,61,1,2,9,36,1,2,10,3
id146,0,2,8,3,0,2,9,10,1,0,5,1,1,0,6,2,1,0,7,18,1,0,8,27,1,0,9,15,1,0,10,3,1,2,4,3,1,2,5,65,1,2,6,115,1,2,7,78,1,2,8,49,1,2,9,11,1,3,8,2,1,3,9,4
id147,0,0,9,2,0,2,5,8,0,2,6,13,0,2,7,23,0,2,8,10,0,2,9,16,0,3,9,2,1,0,7,7,1,0,8,2,1,0,9,12,1,2,2,27,1,2,3,27,1,2,4,7,1,2,5,49,1,2,6,88,1,2,7,52,1,2,8,28,1,2,9,12,1,2,10,13,1,3,7,5,1,3,8,1,1,3,9,6
id148,0,2,5,4,0,2,6,7,0,2,7,25,0,2,8,28,1,0,9,6,1,2,2,1,1,2,3,21,1,2,4,45,1,2,5,41,1,2,6,76,1,2,7,106,1,2,8,67,1,2,9,21,1,2,10,5
id149,1,0,3,10,1,0,4,14,1,0,5,36,1,0,6,31,1,0,7,77,1,0,8,65,1,0,9,13,1,0,10,1,1,2,3,16,1,2,4,31,1,2,5,38,1,2,6,40,1,2,7,95,1,2,8,73,1,2,9,32,1,3,9,1
id150,0,2,2,4,0,2,3,14,0,2,4,20,0,2,5,33,0,2,6,51,0,2,7,92,0,2,8,42,0,2,9,55,1,2,2,5,1,2,3,13,1,2,4,20,1,2,5,26,1,2,6,36,1,2,7,115,1,2,8,60,1,2,9,30,1,2,10,1
id151,1,0,6,6,1,0,7,23,1,0,8,52,1,0,9,27,1,0,10,3,1,2,3,8,1,2,4,50,1,2,5,42,1,2,6,53,1,2,7,95,1,2,8,137,1,2,9,75
id152,0,0,5,1,0,0,6,3,0,0,7,8,0,0,8,19,0,0,9,14,0,0,10,1,0,2,3,11,0,2,4,60,0,2,5,24,0,2,6,30,0,2,7,123,0,2,8,29,0,2,9,19,1,0,7,8,1,0,8,12,1,0,9,8,1,2,3,23,1,2,4,27,1,2,5,9,1,2,6,41,1,2,7,92,1,2,8,48,1,2,9,9
id153,0,2,4,1,0,2,5,6,0,2,6,11,0,2,7,27,0,2,8,23,0,2,9,31,1,0,8,9,1,0,9,1,1,2,3,19,1,2,4,53,1,2,5,29,1,2,6,71,1,2,7,122,1,2,8,126,1,2,9,23,1,2,10,2
id154,0,0,2,11,0,0,3,21,0,0,4,14,0,0,5,19,0,0,6,12,0,0,7,57,0,0,8,38,0,0,9,24,0,0,10,2,0,1,10,1,0,2,1,2,0,2,2,12,0,2,3,15,0,2,5,8,0,2,6,14,0,2,7,74,0,2,8,46,0,2,9,18,1,0,3,1,1,0,6,22,1,0,7,25,1,0,8,13,1,0,9,5,1,2,3,1,1,2,4,3,1,2,5,6,1,2,6,2,1,2,7,39,1,2,8,29
id155,0,0,8,8,0,0,9,7,0,2,2,5,0,2,3,6,0,2,4,9,0,2,5,5,0,2,6,38,0,2,7,46,0,2,8,44,0,2,9,3,1,0,6,4,1,0,7,17,1,0,8,15,1,0,9,13,1,2,2,25,1,2,3,30,1,2,4,32,1,2,5,51,1,2,6,93,1,2,7,81,1,2,8,46,1,2,9,8,1,2,10,3
id156,0,0,8,8,0,0,9,7,0,2,2,5,0,2,3,6,0,2,4,9,0,2,5,5,0,2,6,38,0,2,7,46,0,2,8,44,0,2,9,3,1,0,6,4,1,0,7,17,1,0,8,15,1,0,9,13,1,2,2,25,1,2,3,30,1,2,4,32,1,2,5,51,1,2,6,93,1,2,7,81,1,2,8,46,1,2,9,8,1,2,10,3
id157,0,2,4,10,0,2,6,24,0,2,7,37,0,2,8,4,0,2,9,6,0,2,10,3,1,0,6,12,1,0,7,28,1,2,3,32,1,2,4,60,1,2,5,31,1,2,6,129,1,2,7,48,1,2,8,4,1,2,9,12,1,2,10,1
id158,1,0,6,5,1,0,7,14,1,0,8,38,1,0,9,23,1,0,10,4,1,2,2,2,1,2,3,23,1,2,4,60,1,2,5,34,1,2,6,87,1,2,7,125,1,2,8,100,1,2,9,20
id159,0,0,9,4,0,2,3,14,0,2,4,28,0,2,5,17,0,2,6,37,0,2,7,52,0,2,8,64,0,2,9,28,0,2,10,7,1,0,9,5,1,2,3,9,1,2,4,23,1,2,5,40,1,2,6,68,1,2,7,45,1,2,8,68,1,2,9,16
id160,0,0,6,3,0,0,7,3,0,0,8,19,0,0,9,14,0,2,2,11,0,2,3,15,0,2,4,41,0,2,5,53,0,2,6,88,0,2,7,43,0,2,8,30,0,2,9,15,1,0,8,4,1,0,9,3,1,2,2,5,1,2,3,4,1,2,4,6,1,2,5,44,1,2,6,54,1,2,7,37,1,2,8,35,1,2,9,15,1,2,10,3
id161,0,0,9,3,0,0,10,4,0,2,2,6,0,2,3,34,0,2,4,34,0,2,5,48,0,2,6,115,0,2,7,71,0,2,8,65,0,2,9,30,1,2,5,9,1,2,6,11,1,2,7,5,1,2,8,3,1,2,9,3
id162,1,0,7,13,1,0,8,12,1,0,9,3,1,2,4,56,1,2,5,116,1,2,6,143,1,2,7,67,1,2,8,52,1,2,9,33,1,2,10,1
id163,0,2,3,4,0,2,4,26,0,2,5,52,0,2,6,48,0,2,7,98,0,2,8,43,0,2,9,19,0,2,10,4,1,2,3,2,1,2,4,11,1,2,5,9,1,2,6,47,1,2,7,31,1,2,8,32,1,2,9,16
id164,0,2,3,5,0,2,4,22,0,2,5,14,0,2,6,61,0,2,7,26,0,2,8,41,0,2,9,13,1,2,2,6,1,2,3,16,1,2,4,28,1,2,5,39,1,2,6,85,1,2,7,56,1,2,8,48,1,2,9,30,1,2,10,1
id165,0,0,7,1,0,0,8,14,0,0,9,9,0,0,10,6,0,2,3,5,0,2,4,35,0,2,5,65,0,2,6,101,0,2,7,141,0,2,8,62,0,2,9,23,0,3,8,1,0,3,9,5,1,2,6,4,1,2,7,18,1,2,8,10
id166,0,0,7,6,0,0,8,14,0,0,9,11,0,2,5,1,0,2,7,15,0,2,8,30,0,2,9,20,0,2,10,2,1,0,3,10,1,0,4,9,1,0,5,7,1,0,6,13,1,0,7,71,1,0,8,29,1,0,9,10,1,2,2,19,1,2,3,27,1,2,4,20,1,2,5,20,1,2,6,35,1,2,7,105,1,2,8,84,1,2,9,18
id167,0,0,6,3,0,0,7,5,0,0,8,12,0,0,9,2,0,2,4,16,0,2,5,56,0,2,6,79,0,2,7,50,0,2,8,16,0,2,9,5,0,3,8,2,1,0,6,3,1,0,7,13,1,0,8,6,1,0,9,3,1,2,3,13,1,2,4,19,1,2,5,71,1,2,6,64,1,2,7,46,1,2,8,20,1,2,9,10,1,2,10,2,1,3,8,2,1,3,9,4
id168,0,0,6,3,0,0,7,5,0,0,8,12,0,0,9,2,0,2,4,16,0,2,5,56,0,2,6,79,0,2,7,50,0,2,8,16,0,2,9,5,0,3,8,2,1,0,6,3,1,0,7,13,1,0,8,6,1,0,9,3,1,2,3,13,1,2,4,19,1,2,5,71,1,2,6,64,1,2,7,46,1,2,8,20,1,2,9,10,1,2,10,2,1,3,8,2,1,3,9,4
id169,0,2,5,4,0,2,6,21,0,2,7,8,0,2,8,18,0,2,9,14,0,2,10,4,1,2,1,2,1,2,2,12,1,2,3,24,1,2,4,41,1,2,5,47,1,2,6,102,1,2,7,98,1,2,8,49,1,2,9,15
id170,0,0,8,6,0,2,3,2,0,2,4,35,0,2,5,69,0,2,6,63,0,2,7,52,0,2,8,25,0,2,9,11,0,3,8,6,1,0,8,6,1,2,3,3,1,2,4,56,1,2,5,90,1,2,6,76,1,2,7,54,1,2,8,26,1,2,9,12,1,2,10,3,1,3,8,1
id171,0,2,2,1,0,2,3,19,0,2,4,31,0,2,5,49,0,2,6,119,0,2,7,94,0,2,8,64,0,2,9,31,1,2,2,1,1,2,3,3,1,2,4,5,1,2,5,9,1,2,6,76,1,2,7,22,1,2,8,58,1,2,9,20,1,2,10,2
id172,0,0,4,2,0,0,5,8,0,0,6,23,0,0,7,18,0,0,8,16,0,0,9,9,0,2,1,4,0,2,2,12,0,2,3,18,0,2,4,39,0,2,5,7,0,2,6,69,0,2,7,72,0,2,8,50,0,2,9,22,1,0,6,2,1,0,7,10,1,0,8,11,1,0,9,8,1,2,6,28,1,2,7,29,1,2,8,15,1,2,9,6,1,2,10,3
id173,0,0,5,3,0,0,6,3,0,0,7,10,0,0,8,7,0,0,9,10,0,2,2,2,0,2,3,6,0,2,4,7,0,2,5,5,0,2,6,35,0,2,7,19,0,2,8,16,0,2,9,15,0,2,10,2,1,0,3,3,1,0,4,4,1,0,5,4,1,0,6,30,1,0,7,20,1,0,8,9,1,0,9,6,1,2,1,1,1,2,2,19,1,2,3,22,1,2,4,26,1,2,5,20,1,2,6,89,1,2,7,61,1,2,8,15,1,2,9,5
id174,0,2,2,10,0,2,3,15,0,2,4,9,0,2,5,15,0,2,6,41,0,2,7,45,0,2,8,39,0,2,9,40,0,2,10,2,1,2,2,15,1,2,3,24,1,2,4,20,1,2,5,30,1,2,6,82,1,2,7,134,1,2,8,48,1,2,9,8
id175,0,2,2,6,0,2,3,17,0,2,4,36,0,2,5,24,0,2,6,83,0,2,7,88,0,2,8,35,0,2,9,18,1,2,3,5,1,2,4,1,1,2,5,12,1,2,6,52,1,2,7,24,1,2,8,25,1,2,9,27,1,2,10,4
id176,0,0,9,3,0,2,7,5,0,2,8,25,0,2,9,14,0,2,10,4,1,0,6,15,1,0,7,24,1,0,8,17,1,0,9,7,1,2,1,6,1,2,2,27,1,2,3,23,1,2,4,14,1,2,5,91,1,2,6,105,1,2,7,95,1,2,8,38,1,2,9,19
id177,0,2,3,7,0,2,4,19,0,2,5,14,0,2,6,31,0,2,7,53,0,2,8,35,0,2,9,31,0,2,10,4,1,2,2,13,1,2,3,20,1,2,4,22,1,2,5,29,1,2,6,103,1,2,7,73,1,2,8,56,1,2,9,57
id178,0,2,4,13,0,2,5,45,0,2,6,51,0,2,7,53,0,2,8,16,0,2,9,24,1,2,2,2,1,2,3,15,1,2,4,27,1,2,5,55,1,2,6,71,1,2,7,73,1,2,8,44,1,2,9,39,1,2,10,4
id179,0,0,8,2,0,0,9,4,0,2,5,1,0,2,6,10,0,2,7,22,0,2,8,11,0,2,9,13,0,2,10,4,1,0,6,11,1,0,7,10,1,0,8,11,1,0,9,8,1,2,1,2,1,2,2,8,1,2,3,16,1,2,4,50,1,2,5,71,1,2,6,104,1,2,7,40,1,2,8,36,1,2,9,9
id180,0,0,4,1,0,0,5,5,0,0,6,15,0,0,7,19,0,0,8,30,0,0,9,10,0,2,1,4,0,2,2,14,0,2,3,12,0,2,4,50,0,2,5,80,0,2,6,106,0,2,7,74,0,2,8,52,0,2,9,28,0,2,10,2,0,3,9,6
id181,1,0,4,2,1,0,5,7,1,0,6,25,1,0,7,23,1,0,8,25,1,0,9,18,1,2,4,51,1,2,5,36,1,2,6,109,1,2,7,48,1,2,8,32,1,2,9,16,1,2,10,1
id182,0,2,3,6,0,2,4,16,0,2,5,52,0,2,6,58,0,2,7,61,0,2,8,19,0,2,9,11,1,2,1,3,1,2,2,5,1,2,3,29,1,2,4,38,1,2,5,74,1,2,6,66,1,2,7,71,1,2,8,44,1,2,9,9,1,2,10,5
id183,0,2,4,22,0,2,5,64,0,2,6,91,0,2,7,86,0,2,8,66,0,2,9,40,1,2,4,1,1,2,5,8,1,2,6,34,1,2,7,26,1,2,8,26,1,2,9,19,1,2,10,3
id184,0,0,6,5,0,0,7,12,0,0,8,19,0,0,9,15,0,0,10,4,0,2,4,23,0,2,5,65,0,2,6,175,0,2,7,103,0,2,8,43,0,2,9,19,1,2,6,2,1,2,7,5,1,2,8,3
id185,0,0,6,1,0,0,7,10,0,0,8,8,0,2,2,5,0,2,3,11,0,2,4,22,0,2,5,19,0,2,6,42,0,2,7,50,0,2,8,29,0,2,9,23,0,2,10,2,1,0,7,5,1,0,8,4,1,0,9,4,1,2,2,5,1,2,3,6,1,2,4,18,1,2,5,10,1,2,6,28,1,2,7,61,1,2,8,28,1,2,9,9
id186,0,2,1,2,0,2,2,10,0,2,3,42,0,2,4,43,0,2,5,105,0,2,6,185,0,2,7,94,0,2,8,65,0,2,9,44,0,2,10,2
id187,0,0,7,3,0,0,8,3,0,0,9,1,0,2,6,1,0,2,7,36,0,2,8,2,0,2,9,10,1,0,5,6,1,0,6,14,1,0,7,16,1,0,8,24,1,0,9,16,1,0,10,1,1,2,2,5,1,2,3,21,1,2,4,34,1,2,5,24,1,2,6,105,1,2,7,59,1,2,8,42,1,2,9,20,1,2,10,1
id188,0,0,4,2,0,0,5,4,0,0,6,10,0,0,7,21,0,0,8,12,0,2,2,13,0,2,3,22,0,2,4,16,0,2,5,11,0,2,6,85,0,2,7,56,0,2,8,24,0,2,9,4,1,0,5,9,1,0,6,14,1,0,7,19,1,0,8,11,1,0,9,8,1,2,1,4,1,2,2,15,1,2,3,24,1,2,4,15,1,2,5,55,1,2,6,94,1,2,7,51,1,2,8,49,1,2,9,9,1,2,10,3,1,3,9,3
id189,0,0,7,4,0,0,8,7,0,0,9,8,0,2,4,12,0,2,5,39,0,2,6,93,0,2,7,59,0,2,8,44,0,2,9,14,0,2,10,3,1,0,7,1,1,0,8,5,1,0,9,6,1,2,3,15,1,2,4,14,1,2,5,22,1,2,6,41,1,2,7,94,1,2,8,45,1,2,9,25
id190,0,0,4,2,0,0,5,5,0,0,6,4,0,0,7,20,0,0,8,10,0,2,3,9,0,2,4,6,0,2,5,17,0,2,6,40,0,2,7,49,0,2,8,27,0,2,9,16,0,2,10,2,1,0,4,2,1,0,5,9,1,0,6,21,1,0,7,24,1,0,8,10,1,0,9,7,1,2,3,10,1,2,4,32,1,2,5,37,1,2,6,87,1,2,7,57,1,2,8,21,1,2,9,7
id191,0,0,8,1,0,0,9,2,0,2,5,1,0,2,6,5,0,2,7,21,0,2,8,33,0,2,9,10,1,0,6,7,1,0,7,18,1,0,8,17,1,0,9,16,1,2,2,17,1,2,3,19,1,2,4,40,1,2,5,74,1,2,6,89,1,2,7,77,1,2,8,38,1,2,9,26,1,2,10,1
id192,0,0,7,1,0,0,8,5,0,0,9,7,0,2,2,1,0,2,3,4,0,2,4,7,0,2,5,10,0,2,6,38,0,2,7,57,0,2,8,36,0,2,9,28,0,2,10,4,1,0,6,1,1,0,7,20,1,0,8,16,1,0,9,12,1,2,1,4,1,2,2,22,1,2,3,31,1,2,4,36,1,2,5,44,1,2,6,138,1,2,7,137,1,2,8,56,1,2,9,39,1,2,10,2
id193,0,0,9,1,0,2,4,2,0,2,5,2,0,2,6,1,0,2,7,39,0,2,8,23,0,2,9,5,1,0,8,1,1,0,9,10,1,2,2,9,1,2,3,23,1,2,4,21,1,2,5,17,1,2,6,114,1,2,7,62,1,2,8,48,1,2,9,28,1,2,10,2
id194,1,0,6,5,1,0,7,20,1,0,8,15,1,0,9,8,1,2,1,3,1,2,2,23,1,2,3,28,1,2,4,46,1,2,5,71,1,2,6,133,1,2,7,79,1,2,8,74,1,2,9,22,1,2,10,5,1,3,7,3,1,3,8,9,1,3,9,14
id195,0,0,9,4,0,2,1,1,0,2,2,7,0,2,3,11,0,2,4,20,0,2,5,14,0,2,6,58,0,2,7,54,0,2,8,42,0,2,9,2,1,0,8,1,1,0,9,5,1,2,0,1,1,2,1,3,1,2,2,6,1,2,3,9,1,2,4,23,1,2,5,40,1,2,6,71,1,2,7,49,1,2,8,25,1,2,9,19,1,2,10,3
id196,0,0,2,9,0,0,3,20,0,0,4,14,0,0,5,38,0,0,6,79,0,0,7,42,0,0,8,36,0,0,9,25,0,0,10,3,0,1,8,10,0,1,9,6,0,2,1,4,0,2,2,35,0,2,3,18,0,2,4,23,0,2,5,19,0,2,6,92,0,2,7,91,0,2,8,43,0,2,9,22,0,3,7,5,0,3,8,13,0,3,9,5,1,0,6,6,1,0,7,6,1,2,6,2,1,2,7,34,1,2,8,24,1,2,9,4
id197,0,2,2,6,0,2,3,17,0,2,4,36,0,2,5,24,0,2,6,83,0,2,7,88,0,2,8,35,0,2,9,18,1,2,3,5,1,2,4,1,1,2,5,12,1,2,6,52,1,2,7,24,1,2,8,25,1,2,9,27,1,2,10,4
id198,0,0,6,5,0,0,7,12,0,0,8,24,0,0,9,10,0,2,5,16,0,2,6,5,0,2,7,44,0,2,8,22,0,2,9,9,1,0,2,3,1,0,3,6,1,0,4,2,1,0,5,10,1,0,6,23,1,0,7,111,1,0,8,32,1,0,9,15,1,2,1,2,1,2,2,15,1,2,3,33,1,2,4,45,1,2,5,30,1,2,6,59,1,2,7,109,1,2,8,64,1,2,9,65,1,2,10,4
id199,0,2,1,3,0,2,2,13,0,2,3,21,0,2,4,45,0,2,5,80,0,2,6,144,0,2,7,100,0,2,8,72,0,2,9,42,0,2,10,3,1,2,5,5,1,2,6,6,1,2,7,10,1,2,8,7,1,2,9,7,1,2,10,1
id200,1,0,8,8,1,2,2,4,1,2,3,36,1,2,4,44,1,2,5,67,1,2,6,123,1,2,7,117,1,2,8,44,1,2,9,21,1,2,10,1,1,3,8,8,1,3,9,1
id201,0,0,6,6,0,0,7,12,0,0,8,7,0,2,1,2,0,2,2,14,0,2,3,28,0,2,4,23,0,2,5,38,0,2,6,116,0,2,7,107,0,2,8,39,0,2,9,30,0,2,10,3,1,2,7,6,1,2,8,3
id202,0,0,8,1,0,0,9,4,0,2,4,4,0,2,5,10,0,2,6,3,0,2,7,40,0,2,8,40,0,2,9,16,1,0,8,16,1,0,9,21,1,0,10,3,1,2,1,4,1,2,2,15,1,2,3,30,1,2,4,31,1,2,5,20,1,2,6,55,1,2,7,106,1,2,8,83,1,2,9,11
id203,0,0,4,18,0,0,5,29,0,0,6,57,0,0,7,57,0,0,8,42,0,0,9,9,0,0,10,2,0,2,2,10,0,2,3,26,0,2,4,50,0,2,5,25,0,2,6,52,0,2,7,141,0,2,8,66,0,2,9,12,0,2,10,1,1,0,6,9,1,0,7,5,1,0,8,2,1,2,6,12,1,2,7,27,1,2,8,15
id204,0,0,8,1,0,0,9,4,0,2,4,1,0,2,5,21,0,2,6,27,0,2,7,19,0,2,8,36,0,2,9,11,0,3,8,2,1,0,7,8,1,0,8,13,1,0,9,3,1,2,1,1,1,2,2,22,1,2,3,39,1,2,4,23,1,2,5,78,1,2,6,118,1,2,7,73,1,2,8,29,1,2,9,11,1,2,10,2,1,3,6,5,1,3,7,10,1,3,8,1
id205,0,0,5,9,0,0,6,8,0,0,7,27,0,0,8,26,0,0,9,14,0,2,5,2,0,2,7,21,0,2,8,7,0,2,9,7,1,0,3,4,1,0,4,51,1,0,5,23,1,0,6,22,1,0,7,104,1,0,8,71,1,0,9,25,1,0,10,8,1,2,4,14,1,2,5,27,1,2,6,28,1,2,7,64,1,2,8,52,1,2,9,22
id206,0,0,7,1,0,0,8,1,0,0,9,3,0,2,4,1,0,2,5,6,0,2,6,11,0,2,7,26,0,2,8,16,0,2,9,7,1,0,6,3,1,0,7,13,1,0,8,10,1,0,9,5,1,2,1,4,1,2,2,12,1,2,3,21,1,2,4,20,1,2,5,52,1,2,6,63,1,2,7,47,1,2,8,20,1,2,9,14,1,2,10,3
id207,0,2,3,4,0,2,4,12,0,2,5,19,0,2,6,45,0,2,7,28,0,2,8,32,0,2,9,17,1,2,3,5,1,2,4,26,1,2,5,60,1,2,6,91,1,2,7,53,1,2,8,29,1,2,9,22,1,2,10,2
id208,0,2,6,26,0,2,7,13,0,2,8,6,0,2,9,10,1,0,9,9,1,2,1,7,1,2,2,11,1,2,3,23,1,2,4,24,1,2,5,83,1,2,6,88,1,2,7,84,1,2,8,53,1,2,9,32,1,2,10,1
id209,0,0,7,3,0,0,8,2,0,0,9,6,0,2,3,6,0,2,4,6,0,2,5,17,0,2,6,23,0,2,7,33,0,2,8,29,0,2,9,12,0,2,10,3,1,0,6,7,1,0,7,8,1,0,8,19,1,0,9,11,1,2,2,2,1,2,3,2,1,2,4,35,1,2,5,55,1,2,6,81,1,2,7,56,1,2,8,27,1,2,9,15
id210,0,2,5,4,0,2,6,13,0,2,7,28,0,2,8,8,0,2,9,19,0,2,10,5,1,2,3,19,1,2,4,112,1,2,5,91,1,2,6,148,1,2,7,110,1,2,8,39,1,2,9,5
id211,0,0,9,1,0,2,8,1,0,2,9,5,1,0,2,1,1,0,3,8,1,0,4,20,1,0,5,50,1,0,6,43,1,0,7,28,1,0,8,26,1,0,9,7,1,2,2,23,1,2,3,21,1,2,4,23,1,2,5,33,1,2,6,105,1,2,7,69,1,2,8,29,1,2,9,11,1,2,10,2
id212,0,0,8,2,0,0,9,17,0,0,10,3,0,2,2,9,0,2,3,15,0,2,4,40,0,2,5,53,0,2,6,85,0,2,7,131,0,2,8,73,0,2,9,30,0,2,10,1,1,2,5,1,1,2,6,19,1,2,7,26,1,2,8,30,1,2,9,21
id213,0,2,6,3,0,2,7,7,0,2,8,22,0,2,9,7,1,0,7,6,1,0,8,12,1,0,9,14,1,0,10,3,1,2,3,23,1,2,4,34,1,2,5,47,1,2,6,98,1,2,7,94,1,2,8,56,1,2,9,18
id214,0,0,6,5,0,0,7,10,0,0,8,6,0,0,9,7,0,2,3,1,0,2,4,7,0,2,5,11,0,2,6,7,0,2,7,41,0,2,8,30,0,2,9,40,1,0,3,1,1,0,4,6,1,0,5,10,1,0,6,46,1,0,7,32,1,0,8,15,1,0,9,8,1,0,10,2,1,2,1,4,1,2,2,9,1,2,3,23,1,2,4,21,1,2,5,37,1,2,6,57,1,2,7,136,1,2,8,55,1,2,9,23
id215,0,2,6,11,0,2,7,21,0,2,8,15,0,2,9,19,0,2,10,1,1,0,9,5,1,0,10,3,1,2,4,30,1,2,5,82,1,2,6,152,1,2,7,128,1,2,8,71,1,2,9,63,1,2,10,2
id216,0,0,5,8,0,0,6,6,0,0,7,13,0,0,8,22,0,0,9,7,0,2,4,14,0,2,5,19,0,2,6,24,0,2,7,40,0,2,8,33,0,2,9,13,1,0,4,9,1,0,5,9,1,0,6,16,1,0,7,39,1,0,8,12,1,0,9,18,1,0,10,2,1,2,4,11,1,2,5,22,1,2,6,38,1,2,7,42,1,2,8,25,1,2,9,9
id217,0,0,10,2,0,2,8,22,0,2,9,7,0,2,10,4,1,0,6,3,1,0,7,10,1,0,8,29,1,0,9,16,1,0,10,2,1,2,4,26,1,2,5,70,1,2,6,90,1,2,7,94,1,2,8,62,1,2,9,31,1,2,10,1
id218,0,2,1,8,0,2,2,11,0,2,3,7,0,2,4,12,0,2,6,66,0,2,7,64,0,2,8,8,0,2,9,39,0,2,10,3,1,2,3,2,1,2,6,28,1,2,7,47,1,2,8,7,1,2,9,24
id219,0,2,1,8,0,2,2,11,0,2,3,7,0,2,4,12,0,2,6,66,0,2,7,64,0,2,8,8,0,2,9,39,0,2,10,3,1,2,3,2,1,2,6,28,1,2,7,47,1,2,8,7,1,2,9,24
id220,0,0,5,4,0,0,6,14,0,0,7,14,0,0,8,29,0,0,9,16,0,0,10,3,0,2,2,3,0,2,3,11,0,2,4,23,0,2,5,52,0,2,6,85,0,2,7,94,0,2,8,38,0,2,9,30,1,2,8,3,1,2,9,1
id221,0,2,3,36,0,2,4,60,0,2,5,95,0,2,6,168,0,2,7,159,0,2,8,88,0,2,9,40,0,2,10,2
id222,1,2,1,2,1,2,2,10,1,2,3,20,1,2,4,58,1,2,5,93,1,2,6,146,1,2,7,106,1,2,8,72,1,2,9,34,1,2,10,3
id223,0,0,7,3,0,0,8,14,0,0,9,8,0,2,3,24,0,2,4,43,0,2,5,114,0,2,6,152,0,2,7,123,0,2,8,69,0,2,9,23,0,2,10,1,0,3,7,1,0,3,8,6
id224,0,2,4,13,0,2,5,25,0,2,6,17,0,2,7,78,0,2,8,31,0,2,9,20,1,2,3,6,1,2,4,30,1,2,5,29,1,2,6,37,1,2,7,105,1,2,8,54,1,2,9,43,1,2,10,2
id225,0,0,7,4,0,0,8,5,0,0,9,6,0,0,10,2,0,2,5,2,0,2,6,18,0,2,7,23,0,2,8,10,0,2,9,13,1,0,4,4,1,0,5,11,1,0,6,24,1,0,7,38,1,0,8,14,1,0,9,19,1,2,1,7,1,2,2,31,1,2,3,24,1,2,4,24,1,2,5,26,1,2,6,123,1,2,7,111,1,2,8,33,1,2,9,13,1,2,10,3
id226,0,0,3,2,0,0,4,5,0,0,5,8,0,0,6,9,0,0,7,15,0,0,8,24,0,0,9,16,0,2,3,7,0,2,4,20,0,2,5,24,0,2,6,39,0,2,7,50,0,2,8,25,0,2,9,6,1,0,2,2,1,0,3,5,1,0,4,2,1,0,5,5,1,0,6,13,1,0,7,51,1,0,8,23,1,0,9,14,1,0,10,2,1,2,2,11,1,2,3,16,1,2,4,16,1,2,5,20,1,2,6,38,1,2,7,72,1,2,8,40,1,2,9,8,1,2,10,2
id227,0,0,6,4,0,0,7,9,0,0,8,5,0,0,9,2,0,2,6,19,0,2,7,10,0,2,8,6,0,2,9,3,1,0,3,16,1,0,4,4,1,0,5,16,1,0,6,77,1,0,7,43,1,0,8,13,1,0,9,8,1,1,8,3,1,1,9,4,1,1,10,1,1,2,3,23,1,2,4,42,1,2,5,70,1,2,6,89,1,2,7,59,1,2,8,33,1,2,9,29,1,3,8,12,1,3,9,6,1,3,10,1
id228,0,0,7,1,0,0,8,2,0,0,9,1,0,2,7,13,0,2,8,7,0,2,9,7,1,0,4,6,1,0,5,17,1,0,6,33,1,0,7,29,1,0,8,16,1,2,2,2,1,2,3,43,1,2,4,35,1,2,5,76,1,2,6,70,1,2,7,37,1,2,8,28,1,2,9,19,1,2,10,2
id229,0,2,9,3,1,0,3,1,1,0,4,5,1,0,5,28,1,0,6,18,1,0,7,12,1,0,8,22,1,0,9,4,1,0,10,3,1,2,1,8,1,2,2,22,1,2,3,32,1,2,4,35,1,2,5,145,1,2,6,49,1,2,7,41,1,2,8,22,1,2,9,1,1,2,10,2
id230,1,0,8,11,1,0,9,11,1,0,10,3,1,2,3,13,1,2,4,62,1,2,5,67,1,2,6,123,1,2,7,164,1,2,8,89,1,2,9,38,1,2,10,3,1,3,8,3,1,3,9,3
id231,0,2,3,12,0,2,4,26,0,2,5,30,0,2,6,44,0,2,7,30,0,2,8,25,0,2,9,17,1,2,2,22,1,2,3,27,1,2,4,34,1,2,5,87,1,2,6,78,1,2,7,42,1,2,8,50,1,2,9,15,1,2,10,1
id232,0,2,5,2,0,2,6,4,0,2,7,33,0,2,8,20,0,2,9,16,1,2,1,3,1,2,2,14,1,2,3,27,1,2,4,19,1,2,5,23,1,2,6,86,1,2,7,93,1,2,8,54,1,2,9,36,1,2,10,2
id233,0,2,3,8,0,2,4,23,0,2,5,47,0,2,6,64,0,2,7,54,0,2,8,59,0,2,9,24,0,2,10,4,1,2,3,3,1,2,4,9,1,2,5,8,1,2,6,40,1,2,7,32,1,2,8,28,1,2,9,12
id234,0,0,7,5,0,0,8,4,0,0,9,2,0,2,3,5,0,2,4,9,0,2,5,11,0,2,6,25,0,2,7,62,0,2,8,39,0,2,9,18,1,0,6,5,1,0,7,26,1,0,8,12,1,0,9,5,1,2,1,10,1,2,2,9,1,2,3,21,1,2,4,30,1,2,5,37,1,2,6,81,1,2,7,101,1,2,8,82,1,2,9,27,1,2,10,2
id235,0,0,8,3,0,0,9,3,0,0,10,2,0,2,4,1,0,2,5,24,0,2,6,48,0,2,7,67,0,2,8,17,0,2,9,17,1,0,8,14,1,0,9,9,1,0,10,1,1,2,3,20,1,2,4,29,1,2,5,58,1,2,6,122,1,2,7,79,1,2,8,56,1,2,9,39,1,2,10,1
id236,0,2,3,12,0,2,4,11,0,2,5,26,0,2,6,26,0,2,7,74,0,2,8,23,0,2,9,16,0,2,10,6,1,2,2,6,1,2,3,12,1,2,4,18,1,2,5,14,1,2,6,48,1,2,7,66,1,2,8,62,1,2,9,6
id237,0,0,6,3,0,0,7,1,0,0,8,10,0,0,9,7,0,0,10,1,0,2,4,22,0,2,5,31,0,2,6,22,0,2,7,96,0,2,8,26,0,2,9,9,1,0,6,5,1,0,7,8,1,0,8,19,1,0,9,10,1,0,10,3,1,2,4,42,1,2,5,23,1,2,6,75,1,2,7,90,1,2,8,35,1,2,9,11
id238,1,2,3,26,1,2,4,37,1,2,5,32,1,2,6,87,1,2,7,108,1,2,8,55,1,2,9,27,1,2,10,3
id239,0,0,8,2,0,0,9,5,0,2,5,28,0,2,6,65,0,2,7,131,0,2,8,66,0,2,9,10,0,3,8,2,1,0,8,10,1,0,9,4,1,0,10,5,1,2,4,27,1,2,5,60,1,2,6,86,1,2,7,191,1,2,8,72,1,2,9,16,1,2,10,2,1,3,8,4,1,3,9,3
id240,1,0,2,3,1,0,3,3,1,0,4,6,1,0,5,12,1,0,6,69,1,0,7,50,1,0,8,25,1,0,9,10,1,1,8,3,1,1,9,2,1,2,0,2,1,2,1,6,1,2,2,12,1,2,3,9,1,2,4,13,1,2,5,15,1,2,6,84,1,2,7,91,1,2,8,44,1,2,9,34,1,2,10,1,1,3,8,7,1,3,9,2
id241,0,0,9,7,0,2,1,3,0,2,2,18,0,2,3,28,0,2,4,38,0,2,5,90,0,2,6,124,0,2,7,79,0,2,8,71,0,2,9,30,0,2,10,2,1,2,5,6,1,2,6,11,1,2,7,5,1,2,8,9,1,2,9,17,1,2,10,1
id242,0,0,9,2,0,2,4,2,0,2,5,7,0,2,6,24,0,2,7,18,0,2,8,24,0,2,9,19,1,0,9,9,1,2,2,2,1,2,3,12,1,2,4,28,1,2,5,33,1,2,6,51,1,2,7,66,1,2,8,47,1,2,9,26,1,2,10,3
id243,0,0,4,3,0,0,5,6,0,0,6,21,0,0,7,14,0,0,8,12,0,0,9,13,0,2,3,1,0,2,4,19,0,2,5,25,0,2,6,46,0,2,7,25,0,2,8,7,0,2,9,14,1,0,3,3,1,0,4,3,1,0,5,3,1,0,6,27,1,0,7,10,1,0,8,9,1,0,9,10,1,2,2,4,1,2,3,11,1,2,4,8,1,2,5,26,1,2,6,38,1,2,7,23,1,2,8,13,1,2,9,23,1,2,10,2
id244,0,0,9,3,0,2,4,6,0,2,5,48,0,2,6,70,0,2,7,43,0,2,8,24,0,2,9,18,0,2,10,3,1,0,9,2,1,2,4,2,1,2,5,51,1,2,6,71,1,2,7,56,1,2,8,15,1,2,9,11
id245,0,0,6,5,0,0,7,3,0,0,8,12,0,0,9,5,0,2,6,2,0,2,7,2,0,2,8,22,0,2,9,26,0,2,10,3,1,0,4,5,1,0,5,19,1,0,6,23,1,0,7,48,1,0,8,51,1,0,9,10,1,2,3,11,1,2,4,19,1,2,5,18,1,2,6,35,1,2,7,36,1,2,8,31,1,2,9,30
id246,0,0,5,11,0,0,6,25,0,0,7,37,0,0,8,20,0,0,9,5,0,2,3,21,0,2,4,44,0,2,5,26,0,2,6,58,0,2,7,59,0,2,8,47,0,2,9,25,0,2,10,3,1,0,6,7,1,0,7,4,1,0,8,1,1,2,4,2,1,2,5,4,1,2,6,25,1,2,7,34,1,2,8,2
id247,0,0,6,11,0,0,7,25,0,0,8,13,0,0,9,12,0,2,3,9,0,2,4,22,0,2,5,44,0,2,6,75,0,2,7,55,0,2,8,17,0,2,9,12,0,3,8,5,1,0,5,1,1,0,6,3,1,0,7,5,1,0,8,4,1,0,9,4,1,2,3,4,1,2,4,13,1,2,5,17,1,2,6,62,1,2,7,28,1,2,8,34,1,2,9,10,1,2,10,1,1,3,9,4
id248,0,0,6,11,0,0,7,25,0,0,8,13,0,0,9,12,0,2,3,9,0,2,4,22,0,2,5,44,0,2,6,75,0,2,7,55,0,2,8,17,0,2,9,12,0,3,8,5,1,0,5,1,1,0,6,3,1,0,7,5,1,0,8,4,1,0,9,4,1,2,3,4,1,2,4,13,1,2,5,17,1,2,6,62,1,2,7,28,1,2,8,34,1,2,9,10,1,2,10,1,1,3,9,4
id249,0,2,5,3,0,2,6,29,0,2,7,24,0,2,8,14,1,0,6,4,1,0,7,15,1,0,8,14,1,2,1,1,1,2,2,21,1,2,3,35,1,2,4,98,1,2,5,141,1,2,6,143,1,2,7,76,1,2,8,30,1,2,9,19,1,2,10,3,1,3,7,16,1,3,8,13,1,3,9,2
id250,0,0,5,3,0,0,6,6,0,0,7,15,0,0,8,10,0,0,9,9,0,2,3,17,0,2,4,21,0,2,5,19,0,2,6,66,0,2,7,31,0,2,8,22,0,2,9,6,1,0,4,1,1,0,5,4,1,0,6,15,1,0,7,9,1,0,8,13,1,0,9,11,1,2,2,10,1,2,3,21,1,2,4,17,1,2,5,53,1,2,6,46,1,2,7,50,1,2,8,29,1,2,9,29,1,2,10,2
id251,1,0,9,7,1,2,1,1,1,2,2,27,1,2,3,24,1,2,4,21,1,2,5,116,1,2,6,129,1,2,7,96,1,2,8,66,1,2,9,48,1,2,10,2,1,3,8,2
id252,0,0,3,1,0,0,4,43,0,0,5,47,0,0,6,82,0,0,7,55,0,0,8,24,0,0,9,5,0,2,3,11,0,2,4,32,0,2,5,44,0,2,6,76,0,2,7,42,0,2,8,17,0,2,9,7,0,2,10,1,1,0,6,10,1,2,6,5,1,2,7,6,1,2,8,2,1,2,9,4,1,2,10,1
id253,0,0,3,5,0,0,4,41,0,0,5,21,0,0,6,69,0,0,7,60,0,0,8,29,0,0,9,18,0,2,3,14,0,2,4,26,0,2,5,21,0,2,6,67,0,2,7,54,0,2,8,27,0,2,9,7,0,2,10,3,1,0,6,13,1,0,7,4,1,2,6,6,1,2,7,5,1,2,8,3,1,2,9,2,1,2,10,1
id254,1,2,0,2,1,2,1,6,1,2,2,20,1,2,3,15,1,2,4,13,1,2,5,36,1,2,6,113,1,2,7,105,1,2,8,100,1,2,9,32,1,2,10,1
id255,1,0,7,3,1,0,8,14,1,0,9,14,1,2,3,9,1,2,4,36,1,2,5,48,1,2,6,112,1,2,7,99,1,2,8,47,1,2,9,49,1,2,10,2
id256,1,0,7,3,1,0,8,14,1,0,9,14,1,2,3,9,1,2,4,36,1,2,5,48,1,2,6,112,1,2,7,99,1,2,8,47,1,2,9,49,1,2,10,2
id257,0,0,6,2,0,0,7,12,0,0,8,10,0,0,9,14,0,0,10,2,0,2,4,37,0,2,5,76,0,2,6,65,0,2,7,100,0,2,8,65,0,2,9,25,0,2,10,4,1,0,7,1,1,0,8,3,1,0,9,4,1,2,4,19,1,2,5,5,1,2,6,33,1,2,7,70,1,2,8,35,1,2,9,4
id258,0,0,6,1,0,0,7,2,0,0,8,9,0,0,9,7,0,2,4,14,0,2,5,23,0,2,6,47,0,2,7,28,0,2,8,17,0,2,9,11,0,2,10,5,1,0,6,8,1,0,7,15,1,0,8,12,1,0,9,9,1,2,3,21,1,2,4,40,1,2,5,77,1,2,6,84,1,2,7,71,1,2,8,47,1,2,9,16
id259,0,0,1,1,0,0,2,4,0,0,3,3,0,0,4,6,0,0,5,18,0,0,6,27,0,0,7,15,0,0,8,15,0,0,9,6,0,2,1,4,0,2,2,6,0,2,3,8,0,2,4,8,0,2,5,29,0,2,6,30,0,2,7,9,0,2,8,18,0,2,9,2,0,2,10,2
id260,0,0,7,3,0,0,8,4,0,0,9,6,0,0,10,2,0,2,1,1,0,2,2,1,0,2,3,5,0,2,4,23,0,2,5,14,0,2,6,55,0,2,7,51,0,2,8,28,0,2,9,15,1,0,8,4,1,0,9,7,1,0,10,2,1,2,0,1,1,2,1,2,1,2,2,4,1,2,3,4,1,2,4,22,1,2,5,42,1,2,6,16,1,2,7,55,1,2,8,38,1,2,9,35,1,2,10,1
id261,0,0,4,2,0,0,5,3,0,0,6,15,0,0,7,12,0,0,8,25,0,0,9,11,0,1,8,2,0,1,9,3,0,2,3,17,0,2,4,25,0,2,5,58,0,2,6,36,0,2,7,22,0,2,8,27,0,2,9,8,0,3,7,1,0,3,8,7,0,3,9,5,1,0,4,3,1,0,5,9,1,0,6,7,1,0,7,10,1,0,8,4,1,1,8,1,1,2,3,34,1,2,4,19,1,2,5,59,1,2,6,47,1,2,7,32,1,2,8,29,1,2,9,21,1,2,10,6,1,3,8,1
id262,0,0,9,2,0,2,4,1,0,2,5,12,0,2,6,29,0,2,7,43,0,2,8,42,0,2,9,15,1,0,8,10,1,0,9,12,1,2,2,2,1,2,3,22,1,2,4,50,1,2,5,47,1,2,6,129,1,2,7,111,1,2,8,70,1,2,9,25,1,2,10,4
id263,1,0,6,1,1,0,7,23,1,0,8,31,1,0,9,15,1,2,3,19,1,2,4,51,1,2,5,65,1,2,6,62,1,2,7,148,1,2,8,99,1,2,9,52,1,2,10,3
id264,0,2,2,1,0,2,3,22,0,2,4,39,0,2,5,66,0,2,6,104,0,2,7,70,0,2,8,39,0,2,9,9,1,2,2,8,1,2,3,2,1,2,4,19,1,2,5,31,1,2,6,50,1,2,7,45,1,2,8,47,1,2,9,8,1,2,10,7
id265,0,2,2,5,0,2,3,21,0,2,4,43,0,2,5,80,0,2,6,91,0,2,7,61,0,2,8,27,0,2,9,13,1,2,2,12,1,2,3,13,1,2,4,10,1,2,5,68,1,2,6,76,1,2,7,38,1,2,8,40,1,2,9,17,1,2,10,1
id266,0,2,4,1,0,2,5,8,0,2,6,21,0,2,7,22,0,2,8,9,0,2,9,14,0,2,10,3,1,2,2,25,1,2,3,36,1,2,4,38,1,2,5,78,1,2,6,95,1,2,7,110,1,2,8,43,1,2,9,23
id267,0,0,9,17,0,2,1,5,0,2,2,14,0,2,3,21,0,2,4,32,0,2,5,34,0,2,6,56,0,2,7,100,0,2,8,62,0,2,9,44,0,3,9,2,1,0,8,1,1,0,9,8,1,2,2,5,1,2,3,4,1,2,4,9,1,2,5,30,1,2,6,24,1,2,7,63,1,2,8,91,1,2,9,17,1,2,10,4
id268,0,0,2,1,0,0,3,3,0,0,4,10,0,0,5,6,0,0,6,14,0,0,7,10,0,0,8,21,0,0,9,9,0,1,6,3,0,2,6,2,0,2,7,12,0,2,8,19,0,2,9,8,0,3,8,2,0,3,9,13,1,0,1,2,1,0,2,5,1,0,3,7,1,0,4,12,1,0,5,29,1,0,6,75,1,0,7,28,1,0,8,7,1,1,4,1,1,1,5,3,1,1,6,3,1,1,7,15,1,1,8,11,1,1,9,6,1,1,10,3,1,2,2,2,1,2,3,6,1,2,4,6,1,2,5,6,1,2,6,23,1,2,7,25,1,2,8,23,1,3,7,2,1,3,8,13,1,3,9,5,1,3,10,1
id269,0,0,9,8,0,2,4,3,0,2,5,50,0,2,6,76,0,2,7,113,0,2,8,103,0,2,9,50,0,2,10,3,1,2,6,1,1,2,7,14,1,2,8,2,1,2,9,2
id270,0,2,4,27,0,2,5,14,0,2,6,65,0,2,7,36,0,2,8,26,0,2,9,17,0,3,8,3,0,3,9,5,1,2,3,19,1,2,4,43,1,2,5,45,1,2,6,141,1,2,7,71,1,2,8,45,1,2,9,31,1,2,10,2,1,3,8,8,1,3,9,8
id271,0,0,7,4,0,0,8,10,0,0,9,3,0,2,6,2,0,2,7,19,0,2,8,26,0,2,9,16,0,2,10,1,1,0,3,1,1,0,4,2,1,0,5,5,1,0,6,6,1,0,7,38,1,0,8,21,1,0,9,10,1,2,1,3,1,2,2,12,1,2,3,30,1,2,4,12,1,2,5,36,1,2,6,31,1,2,7,69,1,2,8,40,1,2,9,21,1,2,10,1
id272,0,0,3,1,0,0,4,6,0,0,5,6,0,0,6,11,0,0,7,24,0,0,8,24,0,0,9,14,0,2,1,3,0,2,2,9,0,2,3,7,0,2,4,12,0,2,5,2,0,2,6,12,0,2,7,57,0,2,8,28,0,2,9,20,1,0,3,2,1,0,4,3,1,0,5,3,1,0,6,17,1,0,7,11,1,0,8,17,1,0,9,9,1,2,1,2,1,2,2,3,1,2,3,5,1,2,4,1,1,2,5,9,1,2,6,12,1,2,7,35,1,2,8,29,1,2,9,30,1,2,10,1
id273,0,0,3,1,0,0,4,6,0,0,5,7,0,0,6,2,0,0,7,31,0,0,8,23,0,0,9,13,0,0,10,1,0,2,1,2,0,2,2,20,0,2,3,48,0,2,4,23,0,2,5,30,0,2,6,76,0,2,7,47,0,2,8,33,0,2,9,26,0,2,10,1,1,0,6,5,1,0,7,27,1,0,8,9,1,2,2,2,1,2,3,12,1,2,4,10,1,2,5,6,1,2,6,46,1,2,7,67,1,2,8,35
id274,0,2,4,5,0,2,5,10,0,2,6,32,0,2,7,31,0,2,8,38,0,2,9,24,1,0,9,9,1,2,3,3,1,2,4,49,1,2,5,68,1,2,6,127,1,2,7,118,1,2,8,111,1,2,9,30,1,2,10,4
id275,0,0,8,3,0,0,9,5,0,2,8,7,0,2,9,6,1,0,3,7,1,0,4,30,1,0,5,52,1,0,6,66,1,0,7,39,1,0,8,12,1,0,9,2,1,1,6,4,1,1,7,5,1,1,8,11,1,1,9,7,1,2,3,11,1,2,4,40,1,2,5,74,1,2,6,67,1,2,7,46,1,2,8,27,1,2,9,23,1,2,10,9,1,3,6,4,1,3,7,8,1,3,8,8,1,3,9,2
id276,0,0,10,3,0,2,2,1,0,2,3,10,0,2,4,9,0,2,5,12,0,2,6,34,0,2,7,37,0,2,8,46,0,2,9,29,0,2,10,3,1,0,9,3,1,0,10,4,1,2,2,8,1,2,3,19,1,2,4,26,1,2,5,30,1,2,6,80,1,2,7,70,1,2,8,68,1,2,9,24
id277,0,0,10,3,0,2,2,1,0,2,3,10,0,2,4,9,0,2,5,12,0,2,6,34,0,2,7,37,0,2,8,46,0,2,9,29,0,2,10,3,1,0,9,3,1,0,10,4,1,2,2,8,1,2,3,19,1,2,4,26,1,2,5,30,1,2,6,80,1,2,7,70,1,2,8,68,1,2,9,24
id278,1,0,5,5,1,0,6,9,1,0,7,15,1,0,8,23,1,0,9,23,1,2,4,32,1,2,5,85,1,2,6,109,1,2,7,61,1,2,8,33,1,2,9,33,1,2,10,2
id279,0,0,7,4,0,0,8,5,0,2,4,1,0,2,5,20,0,2,6,15,0,2,7,28,0,2,8,30,0,2,9,21,0,2,10,3,1,0,5,1,1,0,6,11,1,0,7,21,1,0,8,14,1,2,3,21,1,2,4,50,1,2,5,21,1,2,6,80,1,2,7,82,1,2,8,41,1,2,9,9
id280,0,0,5,1,0,0,6,5,0,0,7,19,0,0,8,10,0,0,9,12,0,2,3,32,0,2,4,33,0,2,5,20,0,2,6,21,0,2,7,127,0,2,8,50,0,2,9,30,0,2,10,3,1,0,5,1,1,0,6,7,1,0,7,25,1,0,8,18,1,0,9,10,1,2,2,10,1,2,3,27,1,2,4,33,1,2,5,34,1,2,6,50,1,2,7,155,1,2,8,68,1,2,9,41,1,2,10,1
id281,0,0,6,11,0,0,7,17,0,0,8,5,0,0,9,15,0,2,4,20,0,2,5,85,0,2,6,135,0,2,7,72,0,2,8,51,0,2,9,37,0,2,10,2,1,2,10,1
id282,0,0,7,7,0,0,8,8,0,0,9,14,0,2,1,5,0,2,2,11,0,2,3,15,0,2,4,17,0,2,5,25,0,2,6,63,0,2,7,60,0,2,8,91,0,2,9,32,0,2,10,2,1,2,6,4,1,2,7,13,1,2,8,3
id283,0,0,5,2,0,0,6,9,0,0,7,9,0,0,8,8,0,0,9,10,0,2,3,4,0,2,4,10,0,2,5,8,0,2,6,18,0,2,7,29,0,2,8,12,0,2,9,10,1,0,4,10,1,0,5,20,1,0,6,28,1,0,7,12,1,0,8,12,1,0,9,16,1,0,10,4,1,2,2,3,1,2,3,19,1,2,4,24,1,2,5,47,1,2,6,50,1,2,7,40,1,2,8,36,1,2,9,12
id284,0,2,3,33,0,2,4,61,0,2,5,24,0,2,6,146,0,2,7,121,0,2,8,71,0,2,9,49,0,2,10,5,0,3,8,3,0,3,9,3,1,2,7,2
id285,0,0,6,2,0,0,7,6,0,0,8,11,0,0,9,7,0,2,4,10,0,2,5,21,0,2,6,33,0,2,7,38,0,2,8,18,0,2,9,2,1,0,4,1,1,0,5,1,1,0,6,10,1,0,7,17,1,0,8,14,1,0,9,12,1,2,3,10,1,2,4,46,1,2,5,32,1,2,6,93,1,2,7,53,1,2,8,46,1,2,9,9,1,2,10,1
id286,0,0,7,3,0,0,8,10,0,0,9,9,0,0,10,1,0,2,4,10,0,2,5,81,0,2,6,82,0,2,7,73,0,2,8,25,0,2,9,6,1,0,8,5,1,0,9,2,1,0,10,5,1,2,4,17,1,2,5,49,1,2,6,23,1,2,7,34,1,2,8,24,1,2,9,9
id287,0,0,6,3,0,0,9,17,0,2,5,20,0,2,6,35,0,2,7,20,0,2,8,35,0,2,9,74,0,2,10,6,1,0,6,7,1,0,8,6,1,0,9,32,1,2,4,2,1,2,6,62,1,2,7,37,1,2,8,57,1,2,9,50
id288,0,2,5,2,0,2,6,13,0,2,7,51,0,2,8,46,0,2,9,36,1,2,5,77,1,2,6,111,1,2,7,204,1,2,8,88,1,2,9,44,1,2,10,3
id289,0,2,4,2,0,2,5,47,0,2,6,27,0,2,7,88,0,2,8,54,0,2,9,28,0,2,10,4,1,2,4,4,1,2,5,117,1,2,6,93,1,2,7,203,1,2,8,65,1,2,9,25
id290,0,0,7,2,0,0,8,15,0,0,9,12,0,0,10,3,0,2,6,12,0,2,7,70,0,2,8,79,0,2,9,34,0,2,10,3,1,0,6,31,1,0,7,79,1,0,8,48,1,0,9,21,1,2,5,4,1,2,6,239,1,2,7,275,1,2,8,81,1,2,9,32
id291,0,0,5,3,0,0,6,11,0,0,7,31,0,0,8,20,0,0,9,6,0,2,5,10,0,2,6,20,0,2,7,51,0,2,8,47,0,2,9,44,0,2,10,4,1,0,5,8,1,0,6,64,1,0,7,74,1,0,8,93,1,0,9,1,1,2,5,55,1,2,6,92,1,2,7,128,1,2,8,50,1,2,9,10
id292,0,0,6,2,0,0,7,7,0,0,8,10,0,2,5,9,0,2,6,32,0,2,7,23,0,2,8,44,0,2,9,9,1,0,5,3,1,0,6,10,1,0,7,23,1,0,8,20,1,0,9,8,1,2,3,9,1,2,4,39,1,2,5,39,1,2,6,72,1,2,7,65,1,2,8,62,1,2,9,26,1,2,10,4
id293,0,0,6,5,0,0,7,2,0,0,8,18,0,0,9,13,0,2,4,20,0,2,5,56,0,2,6,97,0,2,7,65,0,2,8,36,0,2,9,11,0,2,10,3,0,3,7,5,0,3,8,7,0,3,9,12,1,0,8,1,1,0,9,2,1,2,4,9,1,2,5,12,1,2,6,39,1,2,7,25,1,2,8,26,1,2,9,18,1,3,9,1
id294,0,0,9,1,0,0,10,2,0,2,5,16,0,2,6,105,0,2,7,120,0,2,8,91,0,2,9,20,0,2,10,2,1,0,9,4,1,2,5,52,1,2,6,191,1,2,7,143,1,2,8,90,1,2,9,38
id295,0,0,4,18,0,0,5,23,0,0,6,43,0,0,7,75,0,0,8,45,0,0,9,14,0,2,4,35,0,2,5,61,0,2,6,96,0,2,7,116,0,2,8,72,0,2,9,27,1,2,6,2,1,2,7,7,1,2,8,8,1,2,9,6,1,2,10,3
id296,0,2,3,9,0,2,4,33,0,2,5,47,0,2,6,104,0,2,7,91,0,2,8,52,0,2,9,19,0,2,10,1,1,2,3,8,1,2,4,55,1,2,5,51,1,2,6,121,1,2,7,94,1,2,8,48,1,2,9,28
id297,0,2,3,13,0,2,4,35,0,2,5,42,0,2,6,106,0,2,7,64,0,2,8,60,0,2,9,21,0,2,10,2,0,3,8,5
id298,0,0,9,3,0,2,7,5,0,2,8,30,0,2,9,13,0,2,10,2,1,0,6,20,1,0,7,40,1,0,8,48,1,0,9,15,1,0,10,1,1,2,5,78,1,2,6,125,1,2,7,226,1,2,8,107,1,2,9,21
id299,0,0,9,2,0,2,8,7,0,2,9,2,1,0,4,15,1,0,5,29,1,0,6,25,1,0,7,24,1,0,8,37,1,0,9,19,1,2,2,1,1,2,3,8,1,2,4,32,1,2,5,108,1,2,6,124,1,2,7,83,1,2,8,22,1,2,9,23,1,2,10,1
id300,0,2,5,5,0,2,6,5,0,2,7,22,0,2,8,21,0,2,9,18,1,0,9,5,1,2,4,1,1,2,5,58,1,2,6,56,1,2,7,84,1,2,8,58,1,2,9,16,1,2,10,2
id301,0,0,7,5,0,0,8,11,0,0,9,6,0,2,5,6,0,2,6,42,0,2,7,108,0,2,8,65,0,2,9,31,1,0,6,6,1,0,7,55,1,0,8,29,1,0,9,13,1,2,4,17,1,2,5,84,1,2,6,213,1,2,7,218,1,2,8,90,1,2,9,32,1,2,10,2
id302,1,2,4,8,1,2,5,88,1,2,6,149,1,2,7,161,1,2,8,93,1,2,9,65,1,2,10,2
id303,1,2,3,5,1,2,4,14,1,2,5,39,1,2,6,114,1,2,7,122,1,2,8,88,1,2,9,92,1,2,10,6
id304,0,0,5,17,0,0,6,42,0,0,7,51,0,0,8,46,0,0,9,22,0,2,5,92,0,2,6,122,0,2,7,108,0,2,8,71,0,2,9,31,1,0,6,4,1,0,7,1,1,2,5,14,1,2,6,39,1,2,7,34,1,2,8,20,1,2,9,12,1,2,10,2
id305,0,0,7,2,0,0,8,4,0,0,9,8,0,0,10,4,0,2,2,9,0,2,3,14,0,2,4,18,0,2,5,29,0,2,6,52,0,2,7,22,0,2,8,20,0,2,9,5,1,0,6,1,1,0,7,3,1,0,8,7,1,0,9,5,1,2,1,8,1,2,2,8,1,2,3,17,1,2,4,22,1,2,5,41,1,2,6,79,1,2,7,40,1,2,8,33,1,2,9,5
id306,0,0,7,17,0,0,8,12,0,2,4,69,0,2,5,96,0,2,6,162,0,2,7,72,0,2,8,38,0,2,9,14,0,2,10,2,1,0,7,10,1,0,8,5,1,0,9,6,1,2,4,29,1,2,5,67,1,2,6,139,1,2,7,46,1,2,8,7,1,2,9,7
id307,0,0,6,3,0,0,7,12,0,0,8,13,0,0,9,10,0,2,5,2,0,2,6,79,0,2,7,102,0,2,8,66,0,2,9,31,0,2,10,2,1,0,5,20,1,0,6,45,1,0,7,112,1,0,8,41,1,0,9,6,1,2,5,99,1,2,6,221,1,2,7,319,1,2,8,73,1,2,9,14
id308,0,2,4,7,0,2,5,11,0,2,6,28,0,2,7,21,0,2,8,22,0,2,9,16,0,2,10,4,1,2,3,8,1,2,4,40,1,2,5,39,1,2,6,94,1,2,7,74,1,2,8,46,1,2,9,8
id309,0,2,4,7,0,2,5,11,0,2,6,28,0,2,7,21,0,2,8,22,0,2,9,16,0,2,10,4,1,2,3,8,1,2,4,40,1,2,5,39,1,2,6,94,1,2,7,74,1,2,8,46,1,2,9,8
id310,0,0,5,26,0,0,6,25,0,0,7,65,0,0,8,26,0,0,9,19,0,2,5,37,0,2,6,64,0,2,7,65,0,2,8,53,0,2,9,23,0,2,10,2,1,0,4,2,1,0,5,7,1,0,6,23,1,0,7,17,1,0,8,14,1,0,9,9,1,2,4,7,1,2,5,9,1,2,6,25,1,2,7,23,1,2,8,20,1,2,9,3
id311,0,0,7,2,0,0,8,23,0,0,9,8,0,2,5,67,0,2,6,168,0,2,7,107,0,2,8,103,0,2,9,47,0,2,10,2,1,2,5,7,1,2,6,103,1,2,7,101,1,2,8,20,1,2,9,17
id312,1,2,5,149,1,2,6,293,1,2,7,228,1,2,8,141,1,2,9,67,1,2,10,7
id313,0,0,5,3,0,0,6,6,0,0,7,9,0,0,8,19,0,0,9,5,0,2,4,26,0,2,5,16,0,2,6,32,0,2,7,71,0,2,8,51,0,2,9,35,0,2,10,1,1,0,4,4,1,0,5,22,1,0,6,27,1,0,7,39,1,0,8,35,1,2,3,4,1,2,4,70,1,2,5,57,1,2,6,138,1,2,7,131,1,2,8,55,1,2,9,11
id314,0,2,5,21,0,2,6,48,0,2,7,40,0,2,8,35,0,2,9,22,0,2,10,7,0,3,6,59,0,3,7,76,0,3,8,24,0,3,9,2,1,2,5,57,1,2,6,100,1,2,7,66,1,2,8,43,1,2,9,39,1,2,10,3,1,3,5,29,1,3,6,98,1,3,7,124,1,3,8,40,1,3,9,9
id315,0,2,5,1,0,2,6,22,0,2,7,31,0,2,8,2,1,0,7,2,1,0,8,14,1,0,9,11,1,2,4,29,1,2,5,152,1,2,6,194,1,2,7,127,1,2,8,57,1,2,9,8,1,2,10,4
id316,0,0,6,5,0,0,7,14,0,0,8,18,0,0,9,12,0,2,5,20,0,2,6,60,0,2,7,83,0,2,8,33,0,2,9,39,1,0,5,8,1,0,6,29,1,0,7,22,1,0,8,21,1,0,9,14,1,2,5,63,1,2,6,83,1,2,7,137,1,2,8,54,1,2,9,34,1,2,10,2
id317,0,0,8,2,0,0,9,7,0,0,10,1,0,2,4,1,0,2,5,24,0,2,6,43,0,2,7,36,0,2,8,58,0,2,9,38,0,2,10,1,1,0,7,6,1,0,8,18,1,0,9,10,1,2,4,1,1,2,5,99,1,2,6,175,1,2,7,93,1,2,8,52,1,2,9,17
id318,0,0,5,4,0,0,6,8,0,0,7,16,0,0,8,23,0,0,9,13,0,0,10,4,0,2,5,28,0,2,6,88,0,2,7,102,0,2,8,51,0,2,9,12,1,0,6,15,1,0,7,19,1,0,8,17,1,0,9,19,1,0,10,2,1,2,5,51,1,2,6,83,1,2,7,93,1,2,8,48,1,2,9,38
id319,0,0,4,3,0,0,5,9,0,0,6,13,0,0,7,35,0,0,8,14,0,0,9,18,0,0,10,4,0,2,3,5,0,2,4,15,0,2,5,47,0,2,6,64,0,2,7,96,0,2,8,31,0,2,9,8,0,2,10,3,1,0,7,10,1,2,4,2,1,2,5,11,1,2,6,15,1,2,7,40,1,2,8,18,1,2,9,8
id320,0,0,7,1,0,0,8,15,0,0,9,8,0,2,5,11,0,2,6,88,0,2,7,133,0,2,8,53,0,2,9,35,0,2,10,3,0,3,8,7,1,0,7,2,1,0,8,19,1,0,9,4,1,2,5,13,1,2,6,93,1,2,7,150,1,2,8,59,1,2,9,5,1,3,8,4,1,3,9,5
id321,0,0,6,3,0,0,7,5,0,0,8,13,0,0,9,9,0,0,10,1,0,2,5,40,0,2,6,51,0,2,7,64,0,2,8,32,0,2,9,15,0,2,10,2,1,0,5,2,1,0,6,13,1,0,7,18,1,0,8,11,1,0,9,12,1,2,4,36,1,2,5,67,1,2,6,124,1,2,7,61,1,2,8,26,1,2,9,15
id322,0,0,6,3,0,0,7,5,0,0,8,13,0,0,9,9,0,0,10,1,0,2,5,40,0,2,6,51,0,2,7,64,0,2,8,32,0,2,9,15,0,2,10,2,1,0,5,2,1,0,6,13,1,0,7,18,1,0,8,11,1,0,9,12,1,2,4,36,1,2,5,67,1,2,6,124,1,2,7,61,1,2,8,26,1,2,9,15
id323,0,0,7,3,0,0,8,11,0,0,9,6,0,2,6,9,0,2,7,47,0,2,8,43,0,2,9,15,1,0,5,8,1,0,6,43,1,0,7,50,1,0,8,33,1,0,9,21,1,0,10,1,1,2,5,40,1,2,6,165,1,2,7,191,1,2,8,62,1,2,9,27,1,2,10,2
id324,0,0,5,31,0,0,6,83,0,0,7,93,0,0,8,55,0,0,9,19,0,2,5,34,0,2,6,58,0,2,7,55,0,2,8,24,0,2,9,1,1,0,4,10,1,0,5,23,1,0,6,48,1,0,7,54,1,0,8,45,1,0,9,12,1,0,10,3,1,2,4,1,1,2,5,8,1,2,6,15,1,2,7,35,1,2,8,16,1,2,9,4
id325,1,0,5,5,1,0,6,18,1,0,7,8,1,0,8,30,1,0,9,21,1,2,4,14,1,2,5,80,1,2,6,115,1,2,7,64,1,2,8,46,1,2,9,25,1,2,10,3
id326,0,2,4,5,0,2,5,19,0,2,6,21,0,2,7,15,0,2,8,6,0,2,9,8,1,2,2,4,1,2,3,28,1,2,4,48,1,2,5,132,1,2,6,84,1,2,7,69,1,2,8,35,1,2,9,30,1,2,10,1
id327,0,0,8,4,0,0,9,10,0,2,6,11,0,2,7,41,0,2,8,46,0,2,9,35,0,2,10,4,1,0,6,29,1,0,7,42,1,0,8,41,1,0,9,14,1,2,3,10,1,2,4,20,1,2,5,137,1,2,6,233,1,2,7,148,1,2,8,57
id328,0,0,9,3,0,2,8,4,0,2,9,18,1,0,5,6,1,0,6,44,1,0,7,54,1,0,8,73,1,0,9,52,1,2,5,36,1,2,6,191,1,2,7,248,1,2,8,77,1,2,9,25,1,2,10,3
id329,0,2,8,6,0,2,9,5,0,2,10,3,1,2,5,37,1,2,6,176,1,2,7,309,1,2,8,177,1,2,9,49,1,2,10,2
id330,0,0,7,9,0,0,8,11,0,0,9,11,0,2,2,2,0,2,3,12,0,2,4,48,0,2,5,39,0,2,6,57,0,2,7,135,0,2,8,101,0,2,9,10,1,0,7,2,1,0,8,4,1,0,9,5,1,0,10,1,1,2,2,2,1,2,3,12,1,2,4,10,1,2,5,20,1,2,6,55,1,2,7,65,1,2,8,68,1,2,9,15
id331,0,0,4,3,0,0,5,7,0,0,6,9,0,0,7,13,0,0,8,57,0,0,9,18,0,0,10,3,0,2,4,18,0,2,5,26,0,2,6,38,0,2,7,38,0,2,8,51,0,2,9,13,1,0,3,2,1,0,4,15,1,0,5,33,1,0,6,19,1,0,7,36,1,0,8,51,1,2,3,1,1,2,4,22,1,2,5,39,1,2,6,58,1,2,7,50,1,2,8,38,1,2,9,6
id332,0,2,8,29,0,2,9,24,1,0,6,6,1,0,7,58,1,0,8,34,1,0,9,29,1,0,10,3,1,2,5,7,1,2,6,270,1,2,7,306,1,2,8,124,1,2,9,9,1,2,10,2,1,3,8,1,1,3,9,7
id333,0,2,6,5,0,2,7,27,0,2,8,37,0,2,9,23,0,2,10,4,1,2,5,30,1,2,6,175,1,2,7,237,1,2,8,95,1,2,9,41
id334,0,2,4,17,0,2,5,65,0,2,6,92,0,2,7,60,0,2,8,60,0,2,9,21,0,2,10,1,1,2,4,10,1,2,5,49,1,2,6,72,1,2,7,33,1,2,8,31,1,2,9,29,1,2,10,1
id335,0,0,7,5,0,0,8,14,0,0,9,8,0,2,5,37,0,2,6,118,0,2,7,156,0,2,8,61,0,3,8,2,1,0,6,3,1,0,7,13,1,0,8,28,1,0,9,10,1,0,10,2,1,2,5,102,1,2,6,186,1,2,7,178,1,2,8,41,1,2,9,2,1,2,10,1,1,3,8,6,1,3,9,3
id336,0,0,5,1,0,0,6,5,0,0,7,13,0,0,8,15,0,0,9,8,0,0,10,4,0,2,5,33,0,2,6,74,0,2,7,45,0,2,8,30,0,2,9,16,1,0,5,12,1,0,6,24,1,0,7,20,1,0,8,22,1,0,9,1,1,2,4,9,1,2,5,93,1,2,6,146,1,2,7,71,1,2,8,40,1,2,9,32
id337,0,2,5,13,0,2,6,66,0,2,7,91,0,2,8,69,0,2,9,23,1,2,5,78,1,2,6,177,1,2,7,142,1,2,8,67,1,2,9,34,1,2,10,5
id338,0,2,5,13,0,2,6,66,0,2,7,91,0,2,8,69,0,2,9,23,1,2,5,78,1,2,6,177,1,2,7,142,1,2,8,67,1,2,9,34,1,2,10,5
id339,0,0,5,1,0,0,6,1,0,0,7,11,0,0,8,16,0,0,9,6,0,2,5,11,0,2,6,35,0,2,7,32,0,2,8,25,0,2,9,26,0,2,10,2,1,0,4,13,1,0,5,17,1,0,6,68,1,0,7,37,1,0,8,20,1,0,9,5,1,2,4,66,1,2,5,77,1,2,6,154,1,2,7,92,1,2,8,75,1,2,9,46
id340,0,2,5,6,0,2,6,13,0,2,7,23,0,2,8,26,0,2,9,13,0,2,10,3,1,0,8,4,1,2,4,35,1,2,5,118,1,2,6,166,1,2,7,119,1,2,8,35,1,2,9,3
id341,0,0,5,2,0,0,6,8,0,0,7,9,0,0,8,11,0,0,9,9,0,0,10,1,0,2,3,2,0,2,4,19,0,2,5,34,0,2,6,62,0,2,7,41,0,2,8,19,0,2,9,8,0,2,10,1,1,0,4,1,1,0,5,14,1,0,6,25,1,0,7,25,1,0,8,7,1,2,2,5,1,2,3,3,1,2,4,21,1,2,5,75,1,2,6,126,1,2,7,100
id342,0,0,9,2,0,2,6,24,0,2,7,37,0,2,8,20,0,2,9,4,1,0,7,19,1,0,8,26,1,0,9,16,1,0,10,3,1,2,4,35,1,2,5,145,1,2,6,221,1,2,7,119,1,2,8,42,1,2,9,24
id343,0,0,5,28,0,0,6,57,0,0,7,62,0,0,8,71,0,0,9,39,0,0,10,14,0,2,5,43,0,2,6,100,0,2,7,153,0,2,8,84,0,2,9,47,0,2,10,3
id344,1,0,6,17,1,0,7,43,1,0,8,35,1,0,9,22,1,2,4,1,1,2,5,82,1,2,6,168,1,2,7,218,1,2,8,104,1,2,9,22,1,2,10,2
id345,0,2,4,2,0,2,5,20,0,2,6,63,0,2,7,64,0,2,8,20,0,2,9,14,1,2,3,5,1,2,4,37,1,2,5,84,1,2,6,87,1,2,7,75,1,2,8,41,1,2,9,42,1,2,10,1
id346,0,2,4,1,0,2,5,30,0,2,6,46,0,2,7,46,0,2,8,36,0,2,9,20,1,2,4,16,1,2,5,83,1,2,6,127,1,2,7,55,1,2,8,52,1,2,9,15,1,2,10,1
id347,0,2,3,4,0,2,4,15,0,2,5,28,0,2,6,33,0,2,7,47,0,2,8,16,0,2,9,3,1,2,3,1,1,2,4,33,1,2,5,24,1,2,6,69,1,2,7,44,1,2,8,24,1,2,9,15,1,2,10,2
id348,0,0,6,6,0,0,7,21,0,0,8,21,0,0,9,21,0,0,10,3,0,2,5,25,0,2,6,88,0,2,7,140,0,2,8,82,0,2,9,49,1,0,6,13,1,0,7,25,1,0,8,7,1,0,9,11,1,0,10,1,1,2,5,42,1,2,6,90,1,2,7,104,1,2,8,109,1,2,9,24
id349,0,0,7,6,0,0,8,17,0,0,9,9,0,0,10,1,0,2,4,11,0,2,5,62,0,2,6,111,0,2,7,64,0,2,8,68,0,2,9,20,0,2,10,5,1,0,7,4,1,0,8,10,1,0,9,9,1,2,4,25,1,2,5,38,1,2,6,88,1,2,7,66,1,2,8,56,1,2,9,19
id350,0,2,7,2,1,2,3,9,1,2,4,50,1,2,5,112,1,2,6,100,1,2,7,91,1,2,8,20,1,2,9,11,1,2,10,1
id351,0,0,8,3,0,0,9,8,0,2,7,35,0,2,8,45,0,2,9,35,0,2,10,2,1,0,5,7,1,0,6,33,1,0,7,74,1,0,8,60,1,0,9,12,1,1,9,1,1,2,4,7,1,2,5,99,1,2,6,221,1,2,7,280,1,2,8,101,1,2,9,18,1,3,7,4,1,3,8,34,1,3,9,15
id352,0,0,7,5,0,0,8,15,0,0,9,11,0,2,4,7,0,2,5,108,0,2,6,148,0,2,7,110,0,2,8,39,0,2,9,5,1,0,8,3,1,0,9,5,1,2,4,29,1,2,5,48,1,2,6,92,1,2,7,76,1,2,8,38,1,2,9,15,1,2,10,2
id353,0,0,8,5,0,0,9,5,0,2,7,6,0,2,8,16,0,2,9,8,0,2,10,2,1,0,4,2,1,0,5,27,1,0,6,31,1,0,7,56,1,0,8,19,1,0,9,9,1,2,4,39,1,2,5,78,1,2,6,140,1,2,7,98,1,2,8,47,1,2,9,2
id354,1,2,4,15,1,2,5,99,1,2,6,200,1,2,7,260,1,2,8,172,1,2,9,61,1,2,10,4
id355,1,2,4,15,1,2,5,99,1,2,6,200,1,2,7,260,1,2,8,172,1,2,9,61,1,2,10,4
id356,1,0,8,19,1,0,9,18,1,2,4,30,1,2,5,93,1,2,6,146,1,2,7,101,1,2,8,82,1,2,9,36,1,2,10,2
id357,0,0,9,4,0,2,5,24,0,2,6,127,0,2,7,172,0,2,8,89,0,2,9,43,0,2,10,6,1,2,5,19,1,2,6,21,1,2,7,81,1,2,8,33,1,2,9,9
id358,0,0,9,4,0,2,5,24,0,2,6,127,0,2,7,172,0,2,8,89,0,2,9,43,0,2,10,6,1,2,5,19,1,2,6,21,1,2,7,81,1,2,8,33,1,2,9,9
id359,0,0,6,9,0,0,7,5,0,0,8,16,0,0,9,27,0,2,5,5,0,2,6,25,0,2,7,47,0,2,8,56,0,2,9,16,1,0,5,12,1,0,6,55,1,0,7,53,1,0,8,35,1,0,9,36,1,0,10,2,1,2,5,19,1,2,6,138,1,2,7,169,1,2,8,72,1,2,9,8
id360,0,0,7,9,0,0,8,24,0,0,9,8,0,0,10,4,0,2,4,11,0,2,5,59,0,2,6,87,0,2,7,130,0,2,8,29,0,2,9,13,1,0,7,3,1,0,8,6,1,0,9,6,1,2,4,16,1,2,5,31,1,2,6,79,1,2,7,62,1,2,8,29,1,2,9,9
id361,0,0,7,3,0,0,8,10,0,0,9,8,0,2,6,32,0,2,7,62,0,2,8,52,0,2,9,25,0,3,9,3,1,0,6,10,1,0,7,37,1,0,8,33,1,0,9,26,1,0,10,3,1,1,9,2,1,2,5,7,1,2,6,129,1,2,7,182,1,2,8,33,1,2,9,7,1,3,7,4,1,3,8,23,1,3,9,9
id362,0,2,8,20,1,0,6,20,1,0,7,21,1,0,8,19,1,0,9,16,1,0,10,2,1,2,5,71,1,2,6,157,1,2,7,142,1,2,8,73,1,2,9,15,1,2,10,2
id363,1,0,4,11,1,0,5,63,1,0,6,64,1,0,7,143,1,0,8,57,1,0,9,13,1,2,4,60,1,2,5,81,1,2,6,170,1,2,7,194,1,2,8,106,1,2,9,50,1,2,10,5,1,3,8,2,1,3,9,4
id364,0,0,9,1,0,2,9,13,0,2,10,2,1,0,5,2,1,0,6,112,1,0,7,133,1,0,8,92,1,0,9,23,1,2,4,10,1,2,5,40,1,2,6,148,1,2,7,164,1,2,8,107,1,2,9,35
id365,0,0,9,10,0,0,10,4,0,2,5,37,0,2,6,156,0,2,7,182,0,2,8,89,0,2,9,25,0,3,7,18,0,3,8,15,0,3,9,1,1,0,9,4,1,2,5,62,1,2,6,117,1,2,7,114,1,2,8,65,1,2,9,37,1,2,10,3,1,3,7,7,1,3,8,18,1,3,9,7
id366,0,0,7,20,0,0,8,29,0,0,9,17,0,0,10,4,0,2,5,42,0,2,6,110,0,2,7,138,0,2,8,80,0,2,9,14,1,0,7,1,1,0,8,6,1,0,9,2,1,2,5,26,1,2,6,63,1,2,7,79,1,2,8,31,1,2,9,13
id367,0,0,7,4,0,0,9,7,0,2,4,20,0,2,5,43,0,2,6,77,0,2,7,72,0,2,8,22,0,2,9,16,1,0,9,2,1,2,4,17,1,2,5,16,1,2,6,49,1,2,7,34,1,2,8,19,1,2,9,24,1,2,10,3
id368,0,0,6,1,0,0,7,9,0,0,8,13,0,0,9,2,0,2,5,13,0,2,6,44,0,2,7,36,0,2,8,54,0,2,9,24,0,2,10,2,1,0,5,14,1,0,6,29,1,0,7,71,1,0,8,16,1,2,5,106,1,2,6,118,1,2,7,208,1,2,8,43
id369,0,0,5,3,0,0,6,26,0,0,7,32,0,0,8,23,0,0,9,15,0,2,4,13,0,2,5,127,0,2,6,171,0,2,7,102,0,2,8,46,0,2,9,11,0,2,10,3,1,0,6,1,1,0,7,1,1,2,5,34,1,2,6,98,1,2,7,52,1,2,8,28,1,2,9,5
id370,0,0,4,4,0,0,5,8,0,0,6,24,0,0,7,23,0,0,8,18,0,0,9,19,0,0,10,1,0,2,4,23,0,2,5,85,0,2,6,94,0,2,7,53,0,2,8,34,0,2,9,11,0,2,10,3,1,0,6,5,1,0,7,1,1,2,4,7,1,2,5,18,1,2,6,37,1,2,7,28,1,2,8,13,1,2,9,30
id371,0,2,7,10,0,2,8,18,0,2,9,17,1,2,3,11,1,2,4,37,1,2,5,130,1,2,6,188,1,2,7,106,1,2,8,84,1,2,9,25,1,2,10,3
id372,0,0,5,5,0,0,6,8,0,0,7,20,0,0,8,15,0,0,9,3,0,2,4,5,0,2,5,34,0,2,6,23,0,2,7,52,0,2,8,17,0,2,9,12,0,2,10,2,1,0,4,4,1,0,5,11,1,0,6,19,1,0,7,36,1,0,8,20,1,0,9,8,1,2,3,7,1,2,4,16,1,2,5,34,1,2,6,58,1,2,7,58,1,2,8,41,1,2,9,11,1,2,10,2
id373,1,2,3,18,1,2,4,68,1,2,5,99,1,2,6,99,1,2,7,52,1,2,8,76,1,2,9,68,1,2,10,2
id374,1,0,9,11,1,2,5,27,1,2,6,224,1,2,7,380,1,2,8,203,1,2,9,90,1,2,10,3
id375,1,0,9,6,1,2,4,3,1,2,5,153,1,2,6,223,1,2,7,240,1,2,8,117,1,2,9,28,1,2,10,2
id376,0,0,5,4,0,0,6,16,0,0,7,20,0,0,8,18,0,0,9,2,0,2,2,1,0,2,3,12,0,2,4,43,0,2,5,23,0,2,6,114,0,2,7,38,0,2,8,26,0,2,9,19,1,0,5,4,1,0,6,12,1,0,7,22,1,0,8,19,1,0,9,10,1,2,2,4,1,2,3,37,1,2,4,13,1,2,5,74,1,2,6,65,1,2,7,61,1,2,8,53,1,2,9,42,1,2,10,3
id377,0,2,5,12,0,2,6,41,0,2,7,40,0,2,8,33,0,2,9,14,0,2,10,3,1,2,4,12,1,2,5,80,1,2,6,161,1,2,7,136,1,2,8,57,1,2,9,28,1,3,8,13
id378,1,0,9,4,1,2,3,3,1,2,4,33,1,2,5,51,1,2,6,99,1,2,7,84,1,2,8,59,1,2,9,35,1,2,10,3
id379,0,0,5,5,0,0,6,17,0,0,7,25,0,0,8,32,0,0,9,13,0,2,4,5,0,2,5,71,0,2,6,98,0,2,7,46,0,2,8,15,0,2,9,2,1,0,5,6,1,0,6,15,1,0,7,10,1,0,8,5,1,2,4,12,1,2,5,50,1,2,6,61,1,2,7,34,1,2,8,15,1,2,9,15,1,2,10,1
id380,0,0,6,9,0,0,7,14,0,0,8,13,0,0,9,12,0,2,1,3,0,2,2,10,0,2,3,8,0,2,4,27,0,2,5,18,0,2,6,68,0,2,7,66,0,2,8,31,0,2,9,19,1,0,6,14,1,0,7,17,1,0,8,10,1,0,9,5,1,0,10,3,1,2,1,2,1,2,2,12,1,2,3,19,1,2,4,14,1,2,5,17,1,2,6,81,1,2,7,77,1,2,8,53,1,2,9,25
id381,0,0,4,8,0,0,5,7,0,0,6,13,0,0,7,24,0,0,8,11,0,0,9,2,0,2,4,20,0,2,5,28,0,2,6,54,0,2,7,18,0,2,8,19,0,2,9,14,0,2,10,2,1,0,3,2,1,0,4,15,1,0,5,3,1,0,6,40,1,0,7,17,1,0,8,16,1,0,9,10,1,2,3,6,1,2,4,30,1,2,5,31,1,2,6,60,1,2,7,40,1,2,8,15,1,2,9,30
id382,0,2,5,8,0,2,6,22,0,2,7,20,0,2,8,29,0,2,9,14,0,2,10,4,1,2,4,26,1,2,5,144,1,2,6,155,1,2,7,159,1,2,8,18,1,2,9,4
id383,0,0,6,8,0,0,7,18,0,0,8,12,0,0,9,3,0,2,3,13,0,2,4,48,0,2,5,133,0,2,6,160,0,2,7,88,0,2,8,49,0,2,9,22,0,2,10,4,1,2,6,2,1,2,7,2,1,2,8,1,1,2,9,3
id384,0,0,9,2,0,2,7,23,0,2,8,35,0,2,9,13,1,0,5,3,1,0,6,10,1,0,7,30,1,0,8,36,1,0,9,20,1,2,4,19,1,2,5,110,1,2,6,178,1,2,7,174,1,2,8,60,1,2,9,18,1,2,10,3
id385,0,2,4,3,0,2,5,33,0,2,6,70,0,2,7,56,0,2,8,28,0,2,9,16,0,2,10,2,0,3,5,6,0,3,6,12,0,3,7,9,0,3,8,19,0,3,9,10,0,3,10,3,1,2,4,6,1,2,5,53,1,2,6,74,1,2,7,121,1,2,8,28,1,2,9,16,1,3,4,6,1,3,5,6,1,3,6,18,1,3,7,24,1,3,8,21,1,3,9,13
id386,0,2,8,12,1,0,6,4,1,0,7,22,1,0,8,15,1,0,9,13,1,2,3,14,1,2,4,51,1,2,5,59,1,2,6,77,1,2,7,124,1,2,8,61,1,2,9,24,1,2,10,2
id387,0,0,8,6,0,0,9,7,0,2,5,11,0,2,6,23,0,2,7,13,0,2,8,14,0,2,9,7,1,0,5,7,1,0,6,12,1,0,7,7,1,0,8,13,1,0,9,14,1,0,10,4,1,2,3,1,1,2,4,23,1,2,5,82,1,2,6,90,1,2,7,64,1,2,8,22,1,2,9,25
id388,0,0,8,6,0,0,9,7,0,2,5,11,0,2,6,23,0,2,7,13,0,2,8,14,0,2,9,7,1,0,5,7,1,0,6,12,1,0,7,7,1,0,8,13,1,0,9,14,1,0,10,4,1,2,3,1,1,2,4,23,1,2,5,82,1,2,6,90,1,2,7,64,1,2,8,22,1,2,9,25
id389,0,0,8,5,0,0,9,5,0,2,5,15,0,2,6,67,0,2,7,71,0,2,8,80,0,2,9,22,1,0,7,7,1,0,8,24,1,0,9,13,1,0,10,3,1,2,4,4,1,2,5,108,1,2,6,214,1,2,7,146,1,2,8,76,1,2,9,15
id390,0,0,8,7,0,2,6,15,0,2,7,51,0,2,8,44,0,2,9,11,1,0,6,31,1,0,7,49,1,0,8,34,1,0,9,18,1,0,10,1,1,2,5,146,1,2,6,293,1,2,7,151,1,2,8,51,1,2,9,40,1,2,10,4
id391,0,2,7,19,0,2,8,42,0,2,9,13,0,2,10,4,1,2,4,1,1,2,5,145,1,2,6,240,1,2,7,205,1,2,8,107,1,2,9,36
id392,0,2,5,11,0,2,6,24,0,2,7,70,0,2,8,58,0,2,9,19,1,0,9,1,1,2,5,76,1,2,6,169,1,2,7,257,1,2,8,136,1,2,9,67,1,2,10,5,1,3,9,9,1,3,10,2
id393,0,2,5,11,0,2,6,24,0,2,7,70,0,2,8,58,0,2,9,19,1,0,9,1,1,2,5,76,1,2,6,169,1,2,7,257,1,2,8,136,1,2,9,67,1,2,10,5,1,3,9,9,1,3,10,2
id394,0,2,5,52,0,2,6,89,0,2,7,48,0,2,8,39,0,2,9,22,0,2,10,5,1,2,4,5,1,2,5,64,1,2,6,136,1,2,7,99,1,2,8,56,1,2,9,17
id395,1,0,4,19,1,0,5,57,1,0,6,44,1,0,7,52,1,0,8,19,1,0,9,11,1,0,10,6,1,2,4,23,1,2,5,100,1,2,6,145,1,2,7,80,1,2,8,24,1,2,9,7
id396,0,0,8,3,0,2,6,9,0,2,7,20,0,2,8,11,1,0,4,2,1,0,5,12,1,0,6,33,1,0,7,25,1,0,8,13,1,2,4,70,1,2,5,73,1,2,6,132,1,2,7,49,1,2,8,19,1,2,9,15,1,2,10,2
id397,0,2,5,12,0,2,6,61,0,2,7,72,0,2,8,84,0,2,9,25,0,2,10,2,1,2,5,18,1,2,6,235,1,2,7,152,1,2,8,73,1,2,9,48,1,2,10,3
id398,0,0,4,1,0,0,5,6,0,0,6,11,0,0,7,18,0,0,8,11,0,2,3,2,0,2,4,39,0,2,5,16,0,2,6,67,0,2,7,30,0,2,8,17,0,2,9,17,0,2,10,2,1,0,4,5,1,0,5,6,1,0,6,26,1,0,7,17,1,0,8,12,1,2,3,13,1,2,4,31,1,2,5,47,1,2,6,63,1,2,7,70,1,2,8,20,1,2,9,10
id399,0,0,8,2,0,0,9,2,0,0,10,4,0,2,6,35,0,2,7,44,0,2,8,8,0,2,9,12,1,0,5,10,1,0,6,19,1,0,7,39,1,0,8,20,1,0,9,8,1,0,10,2,1,2,4,17,1,2,5,171,1,2,6,195,1,2,7,187,1,2,8,36,1,2,9,15
id400,0,0,6,6,0,0,7,14,0,0,8,20,0,0,9,21,0,2,4,3,0,2,5,14,0,2,6,98,0,2,7,112,0,2,8,51,0,2,9,12,1,0,5,3,1,0,6,14,1,0,7,17,1,0,8,12,1,0,9,28,1,0,10,3,1,2,4,11,1,2,5,48,1,2,6,123,1,2,7,68,1,2,8,45,1,2,9,37
