Paciente1
0;0;8;1,0;0;9;1,0;2;6;8,0;2;7;21,0;2;8;24,0;2;9;9,1;0;6;4,1;0;7;15,1;0;8;21,1;0;9;16,1;2;5;66,1;2;6;158,1;2;7;78,1;2;8;49,1;2;9;20,1;2;10;3,
Paciente2
0;0;6;2,0;0;7;9,0;0;8;17,0;0;9;21,0;2;5;8,0;2;6;144,0;2;7;61,0;2;8;37,0;2;9;37,0;2;10;3,
Paciente3
0;0;5;7,0;0;6;12,0;0;7;23,0;0;8;23,0;0;9;3,0;2;5;65,0;2;6;63,0;2;7;39,0;2;8;27,0;2;9;3,1;0;5;5,1;0;6;9,1;2;5;34,1;2;6;27,1;2;7;15,1;2;8;20,1;2;9;7,1;2;10;1,
Paciente4
0;2;7;8,0;2;8;24,0;2;9;18,1;0;9;11,1;2;5;1,1;2;6;81,1;2;7;88,1;2;8;71,1;2;9;24,1;2;10;4,
Paciente5
0;0;9;8,0;0;10;2,0;2;5;3,0;2;6;65,0;2;7;62,0;2;8;41,0;2;9;28,1;2;5;1,1;2;6;24,1;2;7;2,1;2;8;3,1;2;9;21,1;2;10;1,
Paciente6
0;0;7;3,0;0;8;7,0;2;4;1,0;2;5;27,0;2;6;15,0;2;7;12,0;2;8;7,0;3;7;5,1;0;4;1,1;0;5;11,1;0;6;7,1;0;7;14,1;0;8;11,1;1;6;1,1;1;7;1,1;1;8;3,1;2;4;91,1;2;5;55,1;2;6;23,1;2;7;14,1;2;8;10,1;2;9;9,1;2;10;1,1;3;5;6,1;3;6;10,1;3;7;5,
Paciente7
0;0;9;5,0;2;5;7,0;2;6;58,0;2;7;26,0;2;8;23,0;2;9;15,1;0;7;1,1;0;8;5,1;0;9;8,1;2;5;57,1;2;6;93,1;2;7;73,1;2;8;24,1;2;9;28,1;2;10;2,
Paciente8
0;0;7;3,0;0;8;7,0;0;9;6,0;0;10;3,0;2;6;14,0;2;7;22,0;2;8;13,0;2;9;11,0;2;10;3,1;0;5;2,1;0;6;26,1;0;7;19,1;0;8;20,1;0;9;16,1;2;5;2,1;2;6;124,1;2;7;57,1;2;8;38,1;2;9;14,
Paciente9
0;0;6;27,0;0;7;15,0;0;8;4,0;0;9;21,0;0;10;1,0;2;6;33,0;2;7;19,0;2;8;16,0;2;9;1,1;0;5;8,1;0;6;26,1;0;7;37,1;0;8;11,1;0;9;6,1;0;10;3,1;2;5;4,1;2;6;30,1;2;7;22,1;2;8;17,1;2;9;12,
Paciente10
0;2;9;2,0;2;10;3,1;2;6;88,1;2;7;89,1;2;8;58,1;2;9;34,1;2;10;1,
Paciente11
0;0;6;6,0;0;7;2,0;0;8;9,0;0;9;11,0;2;5;1,0;2;6;35,0;2;7;20,0;2;8;15,0;2;9;17,1;0;6;21,1;0;7;7,1;0;8;22,1;0;9;13,1;2;5;20,1;2;6;55,1;2;7;36,1;2;8;38,1;2;9;19,1;2;10;4,
Paciente12
0;0;6;9,0;0;7;14,0;0;8;16,0;2;4;9,0;2;5;93,0;2;6;52,0;2;7;19,0;2;8;27,1;0;6;3,1;0;7;4,1;0;8;4,1;2;4;9,1;2;5;46,1;2;6;22,1;2;7;24,1;2;8;11,1;2;9;10,1;2;10;3,
Paciente13
0;0;5;2,0;0;6;6,0;0;7;21,0;0;8;13,0;0;9;1,0;2;5;38,0;2;6;41,0;2;7;24,0;2;8;9,0;2;9;13,1;0;5;13,1;0;6;31,1;0;7;15,1;0;8;9,1;0;9;6,1;2;5;66,1;2;6;60,1;2;7;36,1;2;8;21,1;2;9;18,1;2;10;1,
Paciente14
0;2;6;13,0;2;7;42,0;2;8;22,0;2;9;16,1;0;9;11,1;2;5;19,1;2;6;154,1;2;7;72,1;2;8;51,1;2;9;27,1;2;10;4,
Paciente15
0;0;9;10,0;2;6;18,0;2;7;41,0;2;8;11,0;2;9;39,1;0;9;10,1;0;10;4,1;2;6;5,1;2;7;85,1;2;8;35,1;2;9;23,1;2;10;2,
Paciente16
0;0;7;3,0;0;8;6,0;0;9;9,0;2;6;19,0;2;7;14,0;2;8;6,0;2;9;12,1;0;5;16,1;0;6;17,1;0;7;17,1;0;8;1,1;0;9;16,1;2;5;39,1;2;6;67,1;2;7;37,1;2;8;19,1;2;9;18,1;2;10;2,
Paciente17
0;0;9;6,0;2;6;39,0;2;7;99,0;2;8;27,0;2;9;39,0;2;10;4,1;2;6;31,1;2;7;50,1;2;8;45,1;2;9;23,
Paciente18
0;0;6;5,0;0;7;10,0;0;8;13,0;0;9;7,0;2;5;31,0;2;6;47,0;2;7;21,0;2;8;13,0;2;9;14,0;2;10;3,1;0;6;23,1;0;7;7,1;0;8;9,1;2;5;13,1;2;6;40,1;2;7;21,1;2;8;15,1;2;9;7,
Paciente19
0;0;8;1,0;2;5;18,0;2;6;50,0;2;7;29,0;2;8;26,1;0;8;10,1;2;5;74,1;2;6;67,1;2;7;33,1;2;8;16,1;2;9;10,1;2;10;2,
Paciente20
0;0;6;15,0;0;7;15,0;0;8;23,0;0;9;26,0;2;5;20,0;2;6;69,0;2;7;36,0;2;8;24,0;2;9;21,1;0;6;10,1;0;7;5,1;2;6;36,1;2;7;17,1;2;8;17,1;2;9;7,1;2;10;2,
Paciente21
0;0;7;11,0;0;8;14,0;0;9;7,0;2;5;37,0;2;6;116,0;2;7;46,0;2;8;40,0;2;9;15,1;2;5;20,1;2;6;26,1;2;7;21,1;2;8;5,1;2;9;22,1;2;10;3,
Paciente22
0;0;6;7,0;0;7;15,0;0;8;14,0;0;9;7,0;2;5;15,0;2;6;96,0;2;7;65,0;2;8;27,0;2;9;33,1;0;6;3,1;0;7;4,1;0;8;5,1;0;9;5,1;2;5;13,1;2;6;72,1;2;7;29,1;2;8;28,1;2;9;19,1;2;10;4,
Paciente23
0;2;8;3,0;2;9;8,1;0;6;5,1;0;7;15,1;0;8;12,1;0;9;12,1;2;5;49,1;2;6;139,1;2;7;60,1;2;8;33,1;2;9;25,1;2;10;2,1;3;9;4,
Paciente24
0;0;8;2,0;0;9;6,0;2;5;2,0;2;6;21,0;2;7;33,0;2;8;28,0;2;9;31,1;0;7;7,1;0;8;11,1;0;9;11,1;2;5;21,1;2;6;124,1;2;7;80,1;2;8;49,1;2;9;34,1;2;10;4,
Paciente25
0;2;6;45,0;2;7;171,0;2;8;85,0;2;9;68,0;2;10;6,1;2;6;46,1;2;7;45,1;2;8;12,1;2;9;17,
Paciente26
0;2;6;58,0;2;7;36,0;2;8;25,0;2;9;21,0;2;10;3,1;2;6;94,1;2;7;75,1;2;8;50,1;2;9;23,
Paciente27
0;0;10;2,0;2;8;6,0;2;9;9,0;2;10;1,1;0;6;11,1;0;7;16,1;0;8;23,1;0;9;19,1;0;10;5,1;2;5;2,1;2;6;85,1;2;7;65,1;2;8;27,1;2;9;28,
Paciente28
0;0;8;3,0;0;9;8,0;2;6;3,0;2;7;21,0;2;8;19,0;2;9;19,1;0;6;14,1;0;7;34,1;0;8;22,1;0;9;12,1;0;10;8,1;2;6;67,1;2;7;60,1;2;8;25,1;2;9;16,
Paciente29
0;0;5;2,0;0;6;9,0;0;7;10,0;0;8;15,0;0;9;23,0;2;5;10,0;2;6;55,0;2;7;26,0;2;8;14,0;2;9;15,1;0;5;6,1;0;6;23,1;0;7;9,1;0;8;7,1;2;5;22,1;2;6;35,1;2;7;31,1;2;8;24,1;2;9;13,1;2;10;4,
Paciente30
0;0;5;13,0;0;6;13,0;0;7;22,0;0;8;33,0;0;9;13,0;2;5;23,0;2;6;29,0;2;7;17,0;2;8;11,0;2;9;1,1;0;5;4,1;0;6;59,1;0;7;18,1;2;5;13,1;2;6;14,1;2;7;23,1;2;8;12,1;2;9;13,1;2;10;2,
Paciente31
0;2;5;44,0;2;6;107,0;2;7;70,0;2;8;53,0;2;9;20,1;2;9;3,1;2;10;2,
Paciente32
0;2;5;17,0;2;6;112,0;2;7;87,0;2;8;44,0;2;9;33,1;2;9;2,1;2;10;2,
Paciente33
0;0;9;7,0;2;6;62,0;2;7;85,0;2;8;36,0;2;9;33,1;2;6;41,1;2;7;32,1;2;8;28,1;2;9;19,1;2;10;2,
Paciente34
0;0;6;16,0;0;7;15,0;0;8;23,0;0;9;47,0;0;10;8,0;2;6;109,0;2;7;73,0;2;8;50,0;2;9;30,1;0;6;7,1;0;7;2,1;0;8;5,1;2;5;5,1;2;6;45,1;2;7;25,1;2;8;13,1;2;9;18,
Paciente35
0;0;7;4,0;0;8;6,0;2;6;9,0;2;7;9,0;2;8;6,0;2;9;4,1;0;4;2,1;0;5;25,1;0;6;17,1;0;7;12,1;0;8;11,1;2;4;12,1;2;5;70,1;2;6;35,1;2;7;7,1;2;8;23,1;2;9;6,1;2;10;2,
Paciente36
0;0;7;1,0;0;8;4,0;0;9;8,0;2;6;26,0;2;7;17,0;2;8;15,0;2;9;17,1;0;6;9,1;0;7;15,1;0;8;17,1;0;9;12,1;0;10;6,1;2;5;52,1;2;6;78,1;2;7;19,1;2;8;26,1;2;9;28,
Paciente37
0;0;6;2,0;0;7;8,0;0;8;10,0;0;9;14,0;2;5;30,0;2;6;112,0;2;7;50,0;2;8;30,0;2;9;22,0;2;10;4,1;0;6;2,1;0;7;2,1;0;8;7,1;0;9;5,1;2;5;12,1;2;6;72,1;2;7;44,1;2;8;30,1;2;9;10,
Paciente38
0;0;6;2,0;0;7;6,0;0;8;10,0;0;9;13,0;2;6;19,0;2;7;23,0;2;8;13,0;2;9;12,1;0;5;2,1;0;6;28,1;0;7;17,1;0;8;16,1;0;9;17,1;0;10;2,1;2;5;5,1;2;6;45,1;2;7;60,1;2;8;8,1;2;9;21,
Paciente39
0;0;9;4,0;2;7;8,0;2;8;6,0;2;9;4,1;0;5;20,1;0;6;24,1;0;7;23,1;0;8;5,1;0;9;33,1;2;5;61,1;2;6;114,1;2;7;37,1;2;8;39,1;2;9;21,1;2;10;3,1;3;9;5,
Paciente40
0;2;6;50,0;2;7;84,0;2;8;57,0;2;9;33,0;2;10;6,
Paciente41
0;0;7;2,0;0;8;7,0;0;9;15,0;0;10;2,0;2;6;8,0;2;7;33,0;2;8;5,0;2;9;24,0;2;10;3,0;3;9;6,1;0;6;9,1;0;7;9,1;0;8;27,1;0;9;6,1;1;9;3,1;2;6;13,1;2;7;69,1;2;8;22,1;2;9;10,1;3;7;4,1;3;8;1,1;3;9;2,
Paciente42
1;0;8;3,1;0;9;9,1;2;5;47,1;2;6;132,1;2;7;75,1;2;8;61,1;2;9;32,1;2;10;1,
Paciente43
0;0;7;12,0;0;8;18,0;0;9;17,0;0;10;5,0;2;5;28,0;2;6;95,0;2;7;56,0;2;8;19,0;2;9;41,
Paciente44
0;2;7;5,0;2;8;12,0;2;9;18,1;0;7;2,1;0;8;23,1;0;9;17,1;0;10;1,1;2;6;1,1;2;7;79,1;2;8;74,1;2;9;45,1;2;10;5,
Paciente45
0;0;6;1,0;0;7;5,0;0;8;5,0;0;9;6,0;2;5;27,0;2;6;61,0;2;7;32,0;2;8;26,0;2;9;18,1;0;6;5,1;0;7;8,1;0;8;6,1;0;9;3,1;2;5;52,1;2;6;90,1;2;7;25,1;2;8;27,1;2;9;27,1;2;10;2,
Paciente46
0;0;8;1,0;0;9;4,0;2;6;3,0;2;7;52,0;2;8;33,0;2;9;26,0;2;10;6,1;0;7;9,1;0;8;14,1;0;9;12,1;2;6;122,1;2;7;109,1;2;8;66,1;2;9;34,
Paciente47
0;0;8;5,0;2;4;1,0;2;5;20,0;2;6;25,0;2;7;34,0;2;8;20,0;2;9;14,0;2;10;4,1;0;7;8,1;0;8;9,1;2;4;2,1;2;5;33,1;2;6;84,1;2;7;47,1;2;8;14,1;2;9;4,
Paciente48
0;0;8;4,0;0;9;5,0;0;10;4,0;2;6;30,0;2;7;66,0;2;8;35,0;2;9;8,1;0;8;2,1;0;9;7,1;2;6;25,1;2;7;51,1;2;8;23,1;2;9;4,
Paciente49
0;0;5;1,0;0;6;14,0;0;7;17,0;0;8;13,0;0;9;9,0;2;5;48,0;2;6;119,0;2;7;56,0;2;8;30,0;2;9;16,0;2;10;3,
Paciente50
0;0;9;3,0;2;5;6,0;2;6;27,0;2;7;25,0;2;8;17,0;2;9;20,0;2;10;4,1;0;7;6,1;0;8;13,1;0;9;2,1;2;5;23,1;2;6;129,1;2;7;55,1;2;8;32,1;2;9;15,
Paciente51
0;0;7;6,0;0;8;13,0;0;9;17,0;2;5;19,0;2;6;144,0;2;7;68,0;2;8;55,0;2;9;34,0;2;10;4,1;2;6;22,1;2;7;12,1;2;8;19,1;2;9;10,
Paciente52
0;0;9;2,0;2;6;8,0;2;7;13,0;2;8;19,0;2;9;18,1;0;7;12,1;0;8;7,1;0;9;16,1;2;5;33,1;2;6;111,1;2;7;49,1;2;8;33,1;2;9;13,1;2;10;2,
Paciente53
0;0;8;3,0;0;9;7,0;2;6;6,0;2;7;17,0;2;8;16,0;2;9;12,1;0;6;10,1;0;7;25,1;0;8;19,1;0;9;13,1;0;10;6,1;2;5;8,1;2;6;97,1;2;7;75,1;2;8;43,1;2;9;12,
Paciente54
0;0;8;2,0;2;6;6,0;2;7;31,0;2;8;10,1;0;6;16,1;0;7;15,1;0;8;9,1;0;9;13,1;0;10;3,1;2;5;28,1;2;6;135,1;2;7;61,1;2;8;19,1;2;9;6,
Paciente55
0;0;5;4,0;0;6;9,0;0;7;7,0;0;8;24,0;0;9;1,0;2;4;4,0;2;5;28,0;2;6;47,0;2;7;20,0;2;8;26,0;2;9;3,1;0;5;8,1;0;6;3,1;0;7;9,1;0;9;7,1;0;10;2,1;2;4;1,1;2;5;22,1;2;6;7,1;2;7;19,1;2;8;9,
Paciente56
0;0;6;1,0;0;7;6,0;0;9;10,0;2;5;2,0;2;6;44,0;2;7;12,0;2;8;10,0;2;9;11,0;3;5;4,0;3;6;7,0;3;8;11,0;3;9;15,0;3;10;1,1;0;6;3,1;0;7;6,1;0;8;4,1;0;9;2,1;1;7;1,1;1;8;5,1;1;9;4,1;1;10;4,1;2;5;1,1;2;6;50,1;2;7;8,1;2;8;23,1;2;9;16,1;3;5;12,1;3;6;9,1;3;7;6,1;3;8;5,
Paciente57
0;0;6;26,0;0;7;23,0;0;8;23,0;0;9;27,0;0;10;1,0;2;6;90,0;2;7;50,0;2;8;33,0;2;9;19,0;2;10;3,1;2;6;16,1;2;7;9,1;2;8;4,1;2;9;2,
Paciente58
0;0;7;1,0;0;8;5,0;0;9;10,0;2;5;3,0;2;6;42,0;2;7;27,0;2;8;26,0;2;9;19,1;0;6;11,1;0;7;20,1;0;8;16,1;0;9;6,1;2;5;21,1;2;6;149,1;2;7;53,1;2;8;35,1;2;9;10,1;2;10;2,
Paciente59
0;0;6;1,0;0;7;8,0;0;8;13,0;0;9;20,0;2;6;62,0;2;7;57,0;2;8;27,0;2;9;21,0;2;10;5,1;0;6;1,1;0;7;5,1;0;8;7,1;0;9;3,1;2;6;27,1;2;7;30,1;2;8;18,1;2;9;12,
Paciente60
0;2;6;74,0;2;7;61,0;2;8;60,0;2;9;25,1;2;6;124,1;2;7;72,1;2;8;48,1;2;9;44,1;2;10;3,
Paciente61
0;2;6;8,0;2;7;30,0;2;8;16,0;2;9;6,1;2;5;8,1;2;6;90,1;2;7;49,1;2;8;9,1;2;9;16,1;2;10;3,
Paciente62
0;0;7;7,0;0;8;15,0;0;9;19,0;2;5;9,0;2;6;125,0;2;7;73,0;2;8;54,0;2;9;42,0;2;10;2,1;2;5;3,1;2;6;46,1;2;7;19,1;2;8;15,1;2;9;16,
Paciente63
0;2;9;4,1;0;7;35,1;0;8;14,1;0;9;5,1;2;3;16,1;2;4;12,1;2;5;18,1;2;6;57,1;2;7;77,1;2;8;54,1;2;9;27,1;3;9;6,1;3;10;5,
Paciente64
0;0;8;4,0;0;9;8,0;2;5;2,0;2;6;62,0;2;7;28,0;2;8;27,0;2;9;25,0;3;9;6,1;0;8;7,1;0;9;9,1;2;5;15,1;2;6;103,1;2;7;33,1;2;8;25,1;2;9;18,1;2;10;2,1;3;8;3,1;3;9;4,1;3;10;2,
Paciente65
0;0;6;16,0;0;7;28,0;0;8;18,0;0;9;12,0;2;5;20,0;2;6;91,0;2;7;32,0;2;8;30,0;2;9;32,1;0;5;2,1;0;6;17,1;0;7;10,1;0;8;8,1;2;5;21,1;2;6;49,1;2;7;28,1;2;8;30,1;2;9;14,1;2;10;3,
Paciente66
0;0;5;7,0;0;6;6,0;0;7;11,0;0;8;19,0;0;9;14,0;0;10;2,0;2;4;2,0;2;5;68,0;2;6;38,0;2;7;31,0;2;8;19,0;2;9;6,0;2;10;2,1;0;5;2,1;0;6;5,1;0;7;4,1;2;5;36,1;2;6;23,1;2;7;19,1;2;8;11,1;2;9;18,
Paciente67
0;0;6;2,0;0;7;8,0;0;8;11,0;0;9;7,0;2;5;24,0;2;6;34,0;2;7;23,0;2;8;19,0;2;9;15,1;0;5;11,1;0;6;22,1;0;7;15,1;0;8;14,1;2;5;71,1;2;6;69,1;2;7;28,1;2;8;19,1;2;9;15,1;2;10;3,
Paciente68
0;0;6;11,0;0;7;16,0;0;8;17,0;0;9;17,0;1;8;1,0;1;9;4,0;1;10;1,0;2;6;86,0;2;7;58,0;2;8;30,0;2;9;18,0;2;10;6,0;3;6;2,0;3;7;11,0;3;8;14,0;3;9;12,0;3;10;2,1;2;6;21,1;2;7;26,1;2;8;18,1;2;9;17,
Paciente69
0;0;10;2,0;2;8;11,0;2;9;8,0;2;10;7,1;0;6;10,1;0;8;17,1;0;9;20,1;0;10;1,1;2;5;10,1;2;6;103,1;2;7;49,1;2;8;20,1;2;9;22,1;2;10;2,
Paciente70
0;2;4;11,0;2;5;64,0;2;6;73,0;2;7;58,0;2;8;49,0;2;9;29,1;2;4;1,1;2;5;8,1;2;6;8,1;2;7;7,1;2;8;8,1;2;9;10,1;2;10;2,
Paciente71
0;0;6;3,0;0;7;7,0;0;9;10,0;2;5;9,0;2;6;13,0;2;7;14,0;2;8;9,0;2;9;6,1;0;5;28,1;0;6;19,1;0;7;14,1;0;8;9,1;0;9;4,1;2;5;63,1;2;6;45,1;2;7;19,1;2;8;20,1;2;9;9,1;2;10;2,
Paciente72
0;0;7;5,0;0;8;8,0;2;6;37,0;2;7;22,0;2;8;30,0;3;8;3,1;0;5;5,1;0;6;12,1;0;7;10,1;0;8;6,1;0;9;12,1;1;9;1,1;1;10;1,1;2;5;72,1;2;6;69,1;2;7;43,1;2;8;14,1;2;9;8,1;3;8;2,1;3;9;5,1;3;10;1,
Paciente73
0;0;5;1,0;0;6;15,0;0;7;14,0;0;8;18,0;0;9;22,0;1;9;3,0;2;5;3,0;2;6;72,0;2;7;42,0;2;8;25,0;2;9;12,0;2;10;4,0;3;8;4,0;3;9;4,1;0;6;5,1;0;7;11,1;0;8;5,1;2;6;27,1;2;7;23,1;2;8;11,1;2;9;9,
Paciente74
0;0;6;1,0;0;7;5,0;0;8;6,0;0;9;8,0;2;6;7,0;2;7;7,0;2;8;5,0;2;9;10,1;0;5;6,1;0;6;54,1;0;7;28,1;0;8;15,1;0;9;8,1;2;5;15,1;2;6;45,1;2;7;14,1;2;8;8,1;2;9;9,1;2;10;5,
Paciente75
0;0;6;12,0;0;7;20,0;0;8;17,0;0;9;8,0;2;5;3,0;2;6;10,0;2;7;3,0;2;8;3,1;0;4;2,1;0;5;56,1;0;6;61,1;0;7;33,1;0;8;8,1;2;4;10,1;2;5;29,1;2;6;16,1;2;7;15,1;2;8;13,1;2;9;7,1;2;10;1,
Paciente76
0;2;7;10,0;2;8;13,0;2;9;11,1;0;9;6,1;2;5;58,1;2;6;121,1;2;7;63,1;2;8;55,1;2;9;35,1;2;10;4,
Paciente77
0;0;7;5,0;0;8;6,0;0;9;19,0;2;5;4,0;2;6;108,0;2;7;66,0;2;8;24,0;2;9;36,1;2;5;2,1;2;6;10,1;2;7;8,1;2;8;7,1;2;9;4,1;2;10;2,
Paciente78
0;0;8;3,0;0;9;3,0;0;10;3,0;2;6;9,0;2;7;24,0;2;8;14,0;2;9;10,1;0;7;11,1;0;8;13,1;0;9;14,1;2;6;80,1;2;7;57,1;2;8;23,1;2;9;6,
Paciente79
0;0;4;5,0;0;5;42,0;0;6;33,0;0;7;37,0;0;8;29,0;1;8;5,0;2;4;17,0;2;5;69,0;2;6;40,0;2;7;25,0;2;8;3,0;3;8;1,1;0;4;6,1;0;5;31,1;0;6;3,1;2;4;5,1;2;5;16,1;2;6;17,1;2;7;19,1;2;8;16,1;2;9;10,1;2;10;2,
Paciente80
1;0;6;24,1;0;7;17,1;0;8;20,1;0;9;21,1;1;9;1,1;2;5;67,1;2;6;161,1;2;7;73,1;2;8;47,1;2;9;20,1;2;10;2,1;3;8;4,1;3;9;4,
Paciente81
0;2;5;13,0;2;6;128,0;2;7;80,0;2;8;57,0;2;9;44,1;2;6;77,1;2;7;51,1;2;8;33,1;2;9;17,1;2;10;2,
Paciente82
0;2;6;13,0;2;7;27,0;2;8;22,0;2;9;24,1;0;8;6,1;0;9;13,1;2;5;56,1;2;6;158,1;2;7;72,1;2;8;43,1;2;9;20,1;2;10;2,
Paciente83
0;0;7;5,0;0;9;15,0;2;6;113,0;2;7;73,0;2;8;36,0;2;9;42,0;2;10;2,1;2;6;30,1;2;7;16,1;2;8;9,1;2;9;9,
Paciente84
0;0;6;2,0;0;7;4,0;0;8;8,0;2;6;25,0;2;7;25,0;2;8;13,0;2;9;4,1;0;5;8,1;0;6;30,1;0;7;20,1;0;8;18,1;0;9;12,1;0;10;3,1;2;5;54,1;2;6;102,1;2;7;34,1;2;8;28,1;2;9;25,
Paciente85
0;0;8;3,0;0;9;6,0;2;6;20,0;2;7;35,0;2;8;23,0;2;9;23,1;0;6;3,1;0;7;14,1;0;8;17,1;0;9;18,1;2;5;6,1;2;6;178,1;2;7;57,1;2;8;49,1;2;9;22,1;2;10;4,
Paciente86
0;0;6;18,0;0;7;15,0;0;8;21,0;0;9;8,0;2;4;11,0;2;5;77,0;2;6;65,0;2;7;33,0;2;8;28,0;2;9;1,1;0;5;2,1;0;6;7,1;0;7;5,1;2;4;2,1;2;5;58,1;2;6;39,1;2;7;22,1;2;8;23,1;2;9;13,1;2;10;2,
Paciente87
0;0;6;4,0;0;7;9,0;0;8;27,0;0;9;9,0;2;5;23,0;2;6;72,0;2;7;31,0;2;8;29,0;2;9;20,0;2;10;5,1;0;6;15,1;0;7;9,1;0;8;7,1;2;5;11,1;2;6;72,1;2;7;42,1;2;8;27,1;2;9;17,
Paciente88
0;0;7;3,0;0;8;5,0;0;9;1,0;2;6;18,0;2;7;21,0;2;8;21,0;2;9;8,1;0;6;10,1;0;7;24,1;0;8;12,1;0;9;14,1;2;5;83,1;2;6;84,1;2;7;60,1;2;8;23,1;2;9;16,1;2;10;3,
Paciente89
0;0;8;1,0;0;9;8,0;0;10;2,0;2;7;7,0;2;8;13,0;2;9;20,0;2;10;2,1;0;6;39,1;0;7;27,1;0;8;37,1;0;9;8,1;2;5;19,1;2;6;113,1;2;7;98,1;2;8;36,1;2;9;31,
Paciente90
0;0;7;10,0;0;8;10,0;2;5;11,0;2;6;42,0;2;7;29,0;2;8;29,0;2;9;4,1;0;5;9,1;0;6;15,1;0;7;30,1;0;8;12,1;2;5;139,1;2;6;88,1;2;7;45,1;2;8;20,1;2;9;16,1;2;10;3,
Paciente91
0;2;5;19,0;2;6;51,0;2;7;26,0;2;8;21,0;2;9;24,0;3;8;5,1;2;5;58,1;2;6;88,1;2;7;56,1;2;8;26,1;2;9;23,1;2;10;1,1;3;8;5,1;3;9;1,
Paciente92
0;0;6;3,0;0;7;10,0;0;8;8,0;0;9;10,0;2;5;6,0;2;6;40,0;2;7;25,0;2;8;12,0;2;9;20,1;0;5;17,1;0;6;15,1;0;7;16,1;0;8;15,1;0;9;14,1;2;5;58,1;2;6;61,1;2;7;32,1;2;8;25,1;2;9;21,1;2;10;4,
Paciente93
0;0;7;2,0;0;8;4,0;2;6;12,0;2;7;7,1;0;5;12,1;0;6;15,1;0;7;11,1;0;8;18,1;2;4;15,1;2;5;71,1;2;6;42,1;2;7;25,1;2;8;6,1;2;9;7,1;2;10;2,
Paciente94
0;2;5;37,0;2;6;58,0;2;7;46,0;2;8;10,0;2;9;23,1;2;5;65,1;2;6;65,1;2;7;57,1;2;8;42,1;2;9;20,1;2;10;2,
Paciente95
0;0;5;2,0;0;6;6,0;0;7;6,0;0;8;9,0;0;9;11,0;2;4;3,0;2;5;61,0;2;6;37,0;2;7;23,0;2;8;24,0;2;9;10,1;0;5;2,1;0;6;3,1;0;7;5,1;0;8;6,1;2;4;1,1;2;5;62,1;2;6;42,1;2;7;36,1;2;8;22,1;2;9;13,1;2;10;3,
Paciente96
0;0;6;12,0;0;7;10,0;0;8;14,0;0;9;17,0;2;5;11,0;2;6;75,0;2;7;32,0;2;8;20,0;2;9;25,1;0;6;30,1;0;7;11,1;0;8;10,1;0;9;7,1;2;5;26,1;2;6;69,1;2;7;52,1;2;8;28,1;2;9;23,1;2;10;5,
Paciente97
0;0;9;1,0;2;6;20,0;2;7;17,0;2;8;27,0;2;9;8,1;0;7;6,1;0;8;12,1;0;9;14,1;0;10;3,1;2;5;72,1;2;6;131,1;2;7;67,1;2;8;44,1;2;9;25,1;2;10;3,
Paciente98
0;0;7;3,0;0;8;5,0;0;9;1,0;2;5;11,0;2;6;13,0;2;7;22,0;2;8;1,0;2;9;12,1;0;6;13,1;0;7;22,1;0;8;7,1;0;9;16,1;2;5;100,1;2;6;62,1;2;7;37,1;2;8;32,1;2;9;14,1;2;10;3,
Paciente99
0;0;6;1,0;0;7;5,0;0;8;7,0;0;9;11,0;2;6;67,0;2;7;39,0;2;8;21,0;2;9;1,1;0;6;7,1;0;7;6,1;0;8;4,1;0;9;9,1;0;10;2,1;2;5;23,1;2;6;48,1;2;7;24,1;2;8;18,1;2;9;9,
Paciente100
0;0;6;4,0;0;7;18,0;0;8;18,0;0;9;16,0;0;10;7,0;2;6;75,0;2;7;67,0;2;8;32,0;2;9;38,1;0;7;1,1;0;8;1,1;2;6;20,1;2;7;17,1;2;8;5,1;2;9;2,
Paciente101
0;0;6;3,0;0;7;8,0;0;8;1,0;0;9;11,0;2;4;4,0;2;5;48,0;2;6;29,0;2;7;15,0;2;8;13,0;2;9;6,0;3;8;4,1;0;6;7,1;0;7;9,1;0;9;9,1;2;4;4,1;2;5;64,1;2;6;44,1;2;7;19,1;2;8;11,1;2;9;13,1;2;10;3,1;3;9;1,
Paciente102
0;2;6;6,0;2;7;19,0;2;8;11,1;0;7;17,1;0;8;17,1;0;9;13,1;2;4;4,1;2;5;52,1;2;6;100,1;2;7;72,1;2;8;39,1;2;9;9,1;2;10;3,
Paciente103
0;2;4;12,0;2;5;18,0;2;6;19,0;2;7;17,0;2;8;32,0;2;9;28,0;2;10;5,1;2;4;9,1;2;5;52,1;2;6;118,1;2;7;101,1;2;8;27,1;2;9;7,
Paciente104
0;0;7;17,0;0;8;28,0;0;9;30,0;0;10;2,0;2;7;23,0;2;8;53,0;2;9;21,1;0;7;29,1;0;8;76,1;0;9;21,1;2;7;10,1;2;8;79,
Paciente105
0;0;8;7,0;0;9;10,0;2;6;33,0;2;7;32,0;2;8;46,0;2;9;28,0;2;10;4,1;0;7;7,1;0;8;9,1;0;9;22,1;2;5;7,1;2;6;91,1;2;7;62,1;2;8;61,1;2;9;30,
Paciente106
0;2;6;7,0;2;7;16,1;0;6;3,1;0;7;10,1;0;8;18,1;0;9;15,1;2;3;2,1;2;4;36,1;2;5;106,1;2;6;96,1;2;7;47,1;2;8;36,1;2;9;8,1;2;10;3,
Paciente107
0;0;7;5,0;0;8;8,0;0;9;9,0;0;10;2,0;2;5;5,0;2;6;34,0;2;7;40,0;2;8;18,0;2;9;14,1;0;6;25,1;0;7;16,1;0;8;6,1;0;9;15,1;2;5;43,1;2;6;114,1;2;7;50,1;2;8;28,1;2;9;23,1;3;9;6,
Paciente108
0;0;7;5,0;0;8;10,0;0;9;13,0;2;5;3,0;2;6;35,0;2;7;40,0;2;8;35,0;2;9;2,1;0;6;6,1;0;7;10,1;0;8;13,1;0;9;12,1;0;10;3,1;2;5;24,1;2;6;24,1;2;7;43,1;2;8;20,1;2;9;6,
Paciente109
0;0;9;1,0;0;10;6,0;2;5;14,0;2;6;61,0;2;7;32,0;2;8;40,0;2;9;13,0;2;10;9,1;0;9;5,1;2;5;20,1;2;6;57,1;2;7;29,1;2;8;30,1;2;9;38,
Paciente110
0;0;9;7,0;2;6;59,0;2;7;56,0;2;8;25,0;2;9;28,1;0;9;8,1;0;10;1,1;2;6;36,1;2;7;36,1;2;8;34,1;2;9;6,1;2;10;2,
Paciente111
1;0;6;12,1;0;7;22,1;0;8;18,1;0;9;10,1;0;10;1,1;2;5;17,1;2;6;73,1;2;7;58,1;2;8;42,1;2;9;10,
Paciente112
0;0;6;1,0;0;7;3,0;0;8;4,0;0;9;15,0;2;6;8,0;2;7;67,0;2;8;31,0;2;9;17,1;0;6;21,1;0;7;17,1;0;8;18,1;0;9;21,1;0;10;1,1;2;5;2,1;2;6;123,1;2;7;91,1;2;8;47,1;2;9;13,1;2;10;1,
Paciente113
1;0;9;7,1;2;5;21,1;2;6;65,1;2;7;129,1;2;8;110,1;2;9;32,1;2;10;3,
Paciente114
1;2;4;1,1;2;5;17,1;2;6;116,1;2;7;88,1;2;8;52,1;2;9;22,1;2;10;1,
Paciente115
0;0;6;11,0;0;7;14,0;0;8;22,0;0;9;2,0;2;5;10,0;2;6;89,0;2;7;117,0;2;8;69,0;2;9;20,0;2;10;2,0;3;9;2,
Paciente116
0;0;6;13,0;0;7;29,0;0;8;16,0;0;9;20,0;2;6;26,0;2;7;32,0;2;8;10,0;2;9;5,1;0;5;13,1;0;6;22,1;0;7;31,1;0;8;11,1;0;9;14,1;0;10;3,1;2;5;1,1;2;6;10,1;2;7;45,1;2;8;11,1;2;9;4,
Paciente117
0;2;6;4,0;2;7;27,0;2;8;43,0;2;9;5,1;0;7;5,1;0;8;23,1;0;9;11,1;0;10;2,1;2;5;5,1;2;6;125,1;2;7;140,1;2;8;77,1;2;9;15,
Paciente118
0;2;5;13,0;2;6;41,0;2;7;44,0;2;8;35,0;2;9;19,0;2;10;7,1;2;5;27,1;2;6;72,1;2;7;45,1;2;8;44,1;2;9;17,
Paciente119
0;0;8;14,0;0;9;13,0;0;10;6,0;2;5;21,0;2;6;116,0;2;7;63,0;2;8;40,0;2;9;16,1;2;5;5,1;2;6;34,1;2;7;11,1;2;8;16,1;2;9;13,
Paciente120
0;2;9;6,1;0;7;17,1;0;8;18,1;0;9;19,1;0;10;2,1;2;5;31,1;2;6;132,1;2;7;78,1;2;8;41,1;2;9;13,1;2;10;1,1;3;7;4,1;3;8;5,
Paciente121
0;2;8;2,0;2;9;9,1;0;6;13,1;0;7;19,1;0;8;23,1;0;9;22,1;1;9;3,1;2;5;15,1;2;6;131,1;2;7;70,1;2;8;26,1;2;9;24,1;2;10;2,1;3;7;7,1;3;8;12,1;3;9;1,
Paciente122
0;2;7;1,0;2;8;9,1;0;5;34,1;0;6;31,1;0;7;35,1;0;8;8,1;0;9;8,1;0;10;1,1;2;5;126,1;2;6;116,1;2;7;35,1;2;8;9,1;2;9;8,1;2;10;1,
Paciente123
0;0;7;5,0;0;8;9,0;0;9;10,0;0;10;2,0;2;5;7,0;2;6;29,0;2;7;16,0;2;8;15,1;0;5;9,1;0;6;12,1;0;7;13,1;0;8;17,1;0;9;5,1;2;4;2,1;2;5;31,1;2;6;47,1;2;7;23,1;2;8;15,1;2;9;6,
Paciente124
0;0;6;1,0;0;7;6,0;0;8;16,0;0;9;3,0;2;5;30,0;2;6;18,0;2;7;33,0;2;8;32,0;2;9;15,1;0;6;7,1;0;7;13,1;0;8;5,1;0;9;8,1;2;5;29,1;2;6;55,1;2;7;38,1;2;8;17,1;2;9;17,1;2;10;2,
Paciente125
0;0;9;4,0;2;5;4,0;2;6;45,0;2;7;32,0;2;8;28,0;2;9;10,0;2;10;11,1;0;8;1,1;0;9;7,1;2;5;3,1;2;6;104,1;2;7;77,1;2;8;58,
Paciente126
0;0;9;4,0;2;6;2,0;2;7;11,0;2;8;35,0;2;9;6,1;0;7;15,1;0;8;1,1;0;9;15,1;0;10;3,1;2;5;47,1;2;6;59,1;2;7;37,1;2;8;30,1;2;9;5,
Paciente127
0;2;6;20,0;2;7;19,0;2;8;12,0;2;9;20,1;2;5;91,1;2;6;129,1;2;7;78,1;2;8;46,1;2;9;55,1;2;10;2,
Paciente128
0;2;8;3,0;2;9;8,0;2;10;3,1;0;6;4,1;0;7;1,1;0;8;16,1;0;9;19,1;0;10;4,1;2;6;93,1;2;7;58,1;2;8;43,1;2;9;16,
Paciente129
0;2;9;9,1;0;7;2,1;0;8;11,1;0;9;7,1;2;5;46,1;2;6;97,1;2;7;56,1;2;8;68,1;2;9;25,1;2;10;2,
Paciente130
0;0;8;4,0;0;9;6,0;2;5;45,0;2;6;95,0;2;7;72,0;2;8;44,0;2;9;20,0;2;10;2,1;2;5;16,1;2;6;38,1;2;7;14,1;2;8;18,1;2;9;10,
Paciente131
0;0;7;18,0;0;8;6,0;0;9;23,0;2;5;38,0;2;6;113,0;2;7;91,0;2;8;55,0;2;9;34,0;2;10;2,1;2;6;5,1;2;7;11,1;2;8;6,1;2;9;15,
Paciente132
0;2;6;34,0;2;7;31,0;2;8;17,0;2;9;15,0;2;10;3,1;2;5;25,1;2;6;87,1;2;7;64,1;2;8;36,1;2;9;30,1;2;10;2,
Paciente133
0;2;7;11,0;2;8;4,0;2;9;23,1;0;8;6,1;0;9;10,1;0;10;1,1;2;5;24,1;2;6;96,1;2;7;59,1;2;8;41,1;2;9;26,1;2;10;3,
Paciente134
0;0;6;9,0;0;7;14,0;0;8;13,0;0;9;17,0;2;6;14,0;2;7;49,0;2;8;35,0;2;9;9,1;0;6;51,1;0;7;23,1;0;8;16,1;0;9;27,1;0;10;3,1;2;5;15,1;2;6;37,1;2;7;70,1;2;8;47,1;2;9;19,
Paciente135
0;0;6;9,0;0;7;14,0;0;8;13,0;0;9;17,0;2;6;14,0;2;7;49,0;2;8;35,0;2;9;9,1;0;6;51,1;0;7;23,1;0;8;16,1;0;9;27,1;0;10;3,1;2;5;15,1;2;6;37,1;2;7;70,1;2;8;47,1;2;9;19,
Paciente136
0;2;8;5,0;2;9;8,0;2;10;2,1;2;4;6,1;2;5;143,1;2;6;126,1;2;7;100,1;2;8;73,1;2;9;42,1;2;10;3,1;3;8;7,
Paciente137
1;2;5;34,1;2;6;149,1;2;7;95,1;2;8;91,1;2;9;36,1;2;10;8,
Paciente138
0;2;7;8,0;2;8;2,0;2;9;10,0;2;10;3,1;0;9;11,1;2;4;5,1;2;5;56,1;2;6;85,1;2;7;103,1;2;8;34,1;2;9;9,
Paciente139
0;0;7;1,0;0;8;6,0;0;9;8,0;2;6;35,0;2;7;37,0;2;8;39,0;2;9;11,0;3;8;1,1;0;6;4,1;0;7;10,1;0;8;4,1;0;9;21,1;0;10;5,1;2;4;9,1;2;5;12,1;2;6;102,1;2;7;33,1;2;8;25,1;2;9;24,1;3;8;1,1;3;9;6,
Paciente140
1;0;8;26,1;0;9;19,1;0;10;1,1;2;5;1,1;2;7;42,1;2;8;96,1;2;9;32,1;2;10;3,
Paciente141
1;2;5;44,1;2;6;87,1;2;7;80,1;2;8;30,1;2;9;28,1;2;10;3,
Paciente142
0;2;10;3,1;0;5;7,1;0;6;25,1;0;7;11,1;0;8;13,1;0;9;25,1;2;5;33,1;2;6;112,1;2;7;57,1;2;8;45,1;2;9;19,1;2;10;1,
Paciente143
0;2;5;96,0;2;6;142,0;2;7;99,0;2;8;67,0;2;9;37,0;2;10;4,1;2;5;28,1;2;6;20,1;2;8;14,1;2;9;16,1;2;10;5,
Paciente144
0;2;6;20,0;2;7;33,0;2;8;32,0;2;9;25,0;3;8;1,1;2;5;12,1;2;6;112,1;2;7;74,1;2;8;35,1;2;9;25,1;2;10;5,1;3;8;7,1;3;9;2,
Paciente145
0;2;6;8,0;2;7;71,0;2;8;37,0;2;9;2,1;2;5;34,1;2;6;162,1;2;7;37,1;2;8;62,1;2;9;52,1;2;10;4,
Paciente146
0;2;8;3,0;2;9;11,1;0;7;10,1;0;8;16,1;0;9;18,1;0;10;3,1;2;6;102,1;2;7;50,1;2;8;43,1;2;9;9,1;3;8;4,1;3;9;3,
Paciente147
0;0;9;1,0;2;6;7,0;2;7;15,0;2;8;19,0;2;9;19,0;3;9;3,1;0;8;9,1;0;9;14,1;2;5;14,1;2;6;99,1;2;7;60,1;2;8;36,1;2;9;2,1;2;10;18,1;3;8;7,1;3;9;7,
Paciente148
0;2;6;8,0;2;7;27,0;2;8;33,1;0;9;7,1;2;5;14,1;2;6;88,1;2;7;84,1;2;8;61,1;2;9;23,1;2;10;5,
Paciente149
1;0;6;14,1;0;7;84,1;0;8;75,1;0;9;26,1;2;6;27,1;2;7;107,1;2;8;68,1;2;9;37,1;2;10;2,1;3;9;1,
Paciente150
0;2;6;45,0;2;7;81,0;2;8;40,0;2;9;58,0;2;10;6,1;2;6;59,1;2;7;107,1;2;8;50,1;2;9;24,
Paciente151
1;0;7;4,1;0;8;53,1;0;9;27,1;0;10;4,1;2;6;17,1;2;7;128,1;2;8;156,1;2;9;55,
Paciente152
0;0;7;2,0;0;8;21,0;0;9;18,0;0;10;1,0;2;5;1,0;2;6;32,0;2;7;132,0;2;8;40,0;2;9;17,1;0;7;10,1;0;8;15,1;0;9;9,1;2;5;1,1;2;6;54,1;2;7;102,1;2;8;45,
Paciente153
0;2;6;1,0;2;7;27,0;2;8;31,0;2;9;29,1;0;8;3,1;0;9;9,1;2;6;51,1;2;7;142,1;2;8;95,1;2;9;20,1;2;10;3,
Paciente154
0;0;6;12,0;0;7;48,0;0;8;44,0;0;9;23,0;0;10;2,0;1;10;1,0;2;6;38,0;2;7;87,0;2;8;38,0;2;9;10,1;0;6;22,1;0;7;30,1;0;8;18,1;0;9;5,1;2;6;1,1;2;7;52,1;2;8;15,
Paciente155
0;0;8;11,0;0;9;7,0;2;5;3,0;2;6;65,0;2;7;53,0;2;8;31,1;0;7;18,1;0;8;14,1;0;9;16,1;2;5;41,1;2;6;94,1;2;7;79,1;2;8;36,1;2;9;10,1;2;10;3,
Paciente156
0;0;8;11,0;0;9;7,0;2;5;3,0;2;6;65,0;2;7;53,0;2;8;31,1;0;7;18,1;0;8;14,1;0;9;16,1;2;5;41,1;2;6;94,1;2;7;79,1;2;8;36,1;2;9;10,1;2;10;3,
Paciente157
0;0;7;1,0;2;6;25,0;2;7;47,0;2;8;6,0;2;9;7,0;2;10;3,1;0;7;30,1;0;8;7,1;2;6;98,1;2;7;104,1;2;8;7,1;2;9;15,1;2;10;1,
Paciente158
1;0;7;7,1;0;8;30,1;0;9;27,1;0;10;4,1;2;4;6,1;2;5;25,1;2;6;103,1;2;7;138,1;2;8;53,1;2;9;7,
Paciente159
0;0;9;5,0;2;5;1,0;2;6;36,0;2;7;60,0;2;8;63,0;2;9;33,1;0;9;3,1;0;10;3,1;2;5;10,1;2;6;74,1;2;7;32,1;2;8;54,1;2;9;27,1;2;10;4,
Paciente160
0;0;6;3,0;0;7;4,0;0;8;11,0;0;9;17,0;2;5;24,0;2;6;76,0;2;7;47,0;2;8;31,0;2;9;17,1;0;8;5,1;0;9;3,1;2;5;43,1;2;6;43,1;2;7;32,1;2;8;33,1;2;9;15,1;2;10;4,
Paciente161
0;0;9;6,0;0;10;4,0;2;5;46,0;2;6;107,0;2;7;68,0;2;8;43,0;2;9;29,1;2;5;15,1;2;6;9,1;2;7;6,1;2;8;5,1;2;9;2,
Paciente162
1;0;7;10,1;0;8;6,1;0;9;10,1;2;5;63,1;2;6;128,1;2;7;62,1;2;8;35,1;2;9;42,1;2;10;4,
Paciente163
0;2;6;61,0;2;7;70,0;2;8;38,0;2;9;22,0;2;10;4,1;2;5;4,1;2;6;50,1;2;7;35,1;2;8;30,1;2;9;7,
Paciente164
0;2;5;4,0;2;6;60,0;2;7;29,0;2;8;43,0;2;9;20,1;2;5;26,1;2;6;78,1;2;7;50,1;2;8;52,1;2;9;29,1;2;10;2,
Paciente165
0;0;8;10,0;0;9;13,0;0;10;5,0;2;6;61,0;2;7;142,0;2;8;64,0;2;9;28,0;2;10;1,0;3;9;7,1;2;6;9,1;2;7;15,1;2;8;12,
Paciente166
0;0;7;3,0;0;8;12,0;0;9;15,0;2;7;27,0;2;8;26,0;2;9;23,1;0;7;64,1;0;8;33,1;0;9;21,1;0;10;1,1;2;6;15,1;2;7;132,1;2;8;66,1;2;9;22,1;2;10;2,
Paciente167
0;0;7;2,0;0;8;13,0;0;9;2,0;2;5;13,0;2;6;62,0;2;7;42,0;2;8;18,0;2;9;6,0;3;8;2,1;0;6;2,1;0;7;9,1;0;8;7,1;0;9;3,1;2;4;3,1;2;5;47,1;2;6;43,1;2;7;40,1;2;8;7,1;2;9;11,1;2;10;2,1;3;8;2,1;3;9;5,
Paciente168
0;0;7;2,0;0;8;13,0;0;9;2,0;2;5;13,0;2;6;62,0;2;7;42,0;2;8;18,0;2;9;6,0;3;8;2,1;0;6;2,1;0;7;9,1;0;8;7,1;0;9;3,1;2;4;3,1;2;5;47,1;2;6;43,1;2;7;40,1;2;8;7,1;2;9;11,1;2;10;2,1;3;8;2,1;3;9;5,
Paciente169
0;2;5;6,0;2;6;19,0;2;8;21,0;2;9;19,0;2;10;5,1;2;4;16,1;2;5;45,1;2;6;105,1;2;7;88,1;2;8;49,1;2;9;14,
Paciente170
0;0;8;6,0;0;9;2,0;2;5;43,0;2;6;44,0;2;7;38,0;2;8;23,0;2;9;15,0;3;8;7,1;0;8;6,1;2;4;5,1;2;5;75,1;2;6;60,1;2;7;41,1;2;8;22,1;2;9;11,1;2;10;3,1;3;8;1,
Paciente171
0;2;6;88,0;2;7;91,0;2;8;41,0;2;9;41,0;2;10;4,1;2;6;68,1;2;7;16,1;2;8;56,1;2;9;18,
Paciente172
0;0;6;6,0;0;7;15,0;0;8;15,0;0;9;18,0;2;6;63,0;2;7;69,0;2;8;48,0;2;9;26,1;0;7;8,1;0;8;10,1;0;9;11,1;2;6;32,1;2;7;30,1;2;8;19,1;2;9;9,1;2;10;3,
Paciente173
0;0;6;2,0;0;7;5,0;0;8;9,0;0;9;12,0;2;5;4,0;2;6;34,0;2;7;20,0;2;8;20,0;2;9;17,0;2;10;3,1;0;6;33,1;0;7;9,1;0;8;14,1;0;9;10,1;2;5;2,1;2;6;77,1;2;7;69,1;2;8;22,1;2;9;9,
Paciente174
0;2;6;43,0;2;7;47,0;2;8;46,0;2;9;49,0;2;10;3,1;2;6;49,1;2;7;153,1;2;8;65,1;2;9;10,
Paciente175
0;0;8;8,0;0;9;5,0;0;10;7,0;2;5;12,0;2;6;67,0;2;7;76,0;2;8;36,0;2;9;39,1;0;8;2,1;0;9;2,1;0;10;3,1;2;5;11,1;2;6;46,1;2;7;55,1;2;8;16,1;2;9;22,1;2;10;3,
Paciente176
0;0;9;2,0;2;7;5,0;2;8;29,0;2;9;19,0;2;10;4,1;0;6;8,1;0;7;23,1;0;8;13,1;0;9;21,1;2;5;49,1;2;6;78,1;2;7;110,1;2;8;47,1;2;9;33,
Paciente177
0;2;6;26,0;2;7;52,0;2;8;41,0;2;9;38,0;2;10;4,1;2;6;98,1;2;7;73,1;2;8;44,1;2;9;63,1;2;10;3,
Paciente178
0;2;6;46,0;2;7;54,0;2;8;19,0;2;9;28,1;2;5;41,1;2;6;44,1;2;7;60,1;2;8;44,1;2;9;38,1;2;10;6,
Paciente179
0;0;8;2,0;0;9;5,0;2;6;6,0;2;7;14,0;2;8;13,0;2;9;16,0;2;10;5,1;0;6;13,1;0;7;10,1;0;8;10,1;0;9;7,1;2;4;1,1;2;5;52,1;2;6;96,1;2;7;40,1;2;8;31,1;2;9;10,
Paciente180
0;0;6;6,0;0;7;16,0;0;8;23,0;0;9;17,0;2;4;16,0;2;5;41,0;2;6;89,0;2;7;70,0;2;8;54,0;2;9;30,0;2;10;2,0;3;9;7,
Paciente181
1;0;6;14,1;0;7;13,1;0;8;18,1;0;9;25,1;2;5;14,1;2;6;101,1;2;7;41,1;2;8;18,1;2;9;19,1;2;10;2,
Paciente182
0;2;4;3,0;2;5;23,0;2;6;43,0;2;7;61,0;2;8;26,0;2;9;14,1;2;3;5,1;2;4;14,1;2;5;66,1;2;6;57,1;2;7;62,1;2;8;46,1;2;9;10,1;2;10;7,
Paciente183
0;2;6;72,0;2;7;79,0;2;8;46,0;2;9;49,0;2;10;2,1;2;6;52,1;2;7;8,1;2;8;28,1;2;9;16,
Paciente184
0;0;7;11,0;0;8;8,0;0;9;18,0;0;10;4,0;2;5;7,0;2;6;136,0;2;7;77,0;2;8;41,0;2;9;13,1;2;6;8,1;2;7;4,
Paciente185
0;0;8;5,0;0;9;9,0;2;6;21,0;2;7;58,0;2;8;45,0;2;9;25,0;2;10;2,1;0;8;6,1;0;9;7,1;2;6;11,1;2;7;73,1;2;8;30,1;2;9;11,
Paciente186
0;2;5;66,0;2;6;210,0;2;7;90,0;2;8;58,0;2;9;46,0;2;10;3,
Paciente187
0;0;7;2,0;0;8;2,0;0;9;3,0;2;6;8,0;2;7;36,0;2;8;7,0;2;9;5,1;0;6;5,1;0;7;12,1;0;8;17,1;0;9;20,1;0;10;1,1;2;6;118,1;2;7;52,1;2;8;32,1;2;9;19,1;2;10;1,
Paciente188
0;0;6;8,0;0;7;18,0;0;8;15,0;2;5;7,0;2;6;80,0;2;7;76,0;2;8;28,0;2;9;4,1;0;5;3,1;0;6;12,1;0;7;16,1;0;8;13,1;0;9;12,1;2;5;36,1;2;6;89,1;2;7;53,1;2;8;47,1;2;9;10,1;2;10;3,1;3;9;4,
Paciente189
0;0;7;2,0;0;8;7,0;0;9;10,0;2;6;64,0;2;7;48,0;2;8;42,0;2;9;13,0;2;10;4,1;0;7;2,1;0;8;5,1;0;9;8,1;2;5;3,1;2;6;55,1;2;7;87,1;2;8;32,1;2;9;13,
Paciente190
0;0;6;2,0;0;7;14,0;0;8;13,0;0;9;2,0;2;6;36,0;2;7;38,0;2;8;33,0;2;9;18,0;2;10;3,1;0;6;15,1;0;7;20,1;0;8;13,1;0;9;12,1;2;6;84,1;2;7;53,1;2;8;24,1;2;9;10,
Paciente191
0;0;8;2,0;0;9;2,0;2;7;10,0;2;8;36,0;2;9;15,1;0;6;1,1;0;7;8,1;0;8;15,1;0;9;23,1;2;4;17,1;2;5;42,1;2;6;66,1;2;7;59,1;2;8;33,1;2;9;30,1;2;10;2,
Paciente192
0;0;8;7,0;0;9;9,0;2;6;38,0;2;7;60,0;2;8;40,0;2;9;35,0;2;10;6,1;0;7;8,1;0;8;25,1;0;9;15,1;2;5;7,1;2;6;146,1;2;7;151,1;2;8;49,1;2;9;45,
Paciente193
0;0;9;1,0;2;6;6,0;2;7;35,0;2;8;26,0;2;9;6,1;0;8;1,1;0;9;12,1;2;6;128,1;2;7;25,1;2;8;55,1;2;9;20,1;2;10;2,
Paciente194
1;0;7;12,1;0;8;8,1;0;9;21,1;2;5;46,1;2;6;115,1;2;7;86,1;2;8;64,1;2;9;25,1;2;10;6,1;3;7;6,1;3;8;12,1;3;9;11,
Paciente195
0;0;9;4,0;2;6;63,0;2;7;62,0;2;8;48,1;0;8;2,1;0;9;6,1;2;4;7,1;2;5;16,1;2;6;64,1;2;7;47,1;2;8;31,1;2;9;25,1;2;10;3,
Paciente196
0;0;5;19,0;0;6;87,0;0;7;52,0;0;8;45,0;0;9;31,0;0;10;4,0;1;8;11,0;1;9;9,0;2;5;23,0;2;6;111,0;2;7;100,0;2;8;52,0;2;9;22,0;3;7;6,0;3;8;18,0;3;9;6,1;0;6;6,1;0;7;9,1;2;6;3,1;2;7;32,1;2;8;25,1;2;9;2,
Paciente197
0;2;5;8,0;2;6;73,0;2;7;66,0;2;8;38,0;2;9;21,1;2;5;23,1;2;6;41,1;2;7;18,1;2;8;23,1;2;9;24,1;2;10;4,
Paciente198
0;0;7;10,0;0;8;9,0;0;9;18,0;0;10;5,0;2;6;3,0;2;7;39,0;2;8;18,0;2;9;22,0;2;10;2,1;0;6;29,1;0;7;106,1;0;8;25,1;0;9;22,1;2;6;89,1;2;7;98,1;2;8;88,1;2;9;47,
Paciente199
0;2;4;5,0;2;5;46,0;2;6;119,0;2;7;75,0;2;8;63,0;2;9;38,0;2;10;5,1;2;5;5,1;2;6;5,1;2;7;9,1;2;8;7,1;2;9;7,1;2;10;1,
Paciente200
1;0;9;9,1;2;5;28,1;2;6;111,1;2;7;112,1;2;8;59,1;2;9;35,1;2;10;2,1;3;8;4,1;3;9;6,
Paciente201
0;0;7;4,0;0;8;18,0;2;5;17,0;2;6;98,0;2;7;115,0;2;8;49,0;2;9;37,0;2;10;3,1;2;6;1,1;2;7;9,1;2;8;2,
Paciente202
0;0;8;1,0;0;9;4,0;2;7;23,0;2;8;56,0;2;9;27,0;2;10;2,1;0;8;28,1;0;9;22,1;2;6;22,1;2;7;166,1;2;8;76,1;2;9;18,
Paciente203
0;0;6;21,0;0;7;45,0;0;8;57,0;0;9;32,0;0;10;2,0;2;6;40,0;2;7;164,0;2;8;68,0;2;9;24,0;2;10;1,1;0;6;10,1;0;7;6,1;0;8;4,1;2;6;17,1;2;7;40,1;2;8;12,
Paciente204
0;0;9;4,0;0;10;1,0;2;5;6,0;2;6;30,0;2;7;10,0;2;8;26,0;2;9;24,0;2;10;4,0;3;8;3,1;0;8;14,1;0;9;9,1;2;5;56,1;2;6;121,1;2;7;84,1;2;8;35,1;2;9;7,1;2;10;2,1;3;6;6,1;3;7;9,1;3;8;6,
Paciente205
0;0;7;27,0;0;8;14,0;0;9;17,0;2;7;25,0;2;8;11,0;2;9;8,1;0;6;6,1;0;7;121,1;0;8;59,1;0;9;29,1;0;10;7,1;2;6;2,1;2;7;73,1;2;8;61,1;2;9;18,
Paciente206
0;0;8;1,0;0;9;4,0;2;5;3,0;2;6;5,0;2;7;18,0;2;8;21,0;2;9;17,1;0;7;5,1;0;8;12,1;0;9;11,1;2;5;46,1;2;6;62,1;2;7;37,1;2;8;27,1;2;9;22,1;2;10;3,
Paciente207
0;2;5;15,0;2;6;29,0;2;7;23,0;2;8;24,0;2;9;20,1;2;5;16,1;2;6;73,1;2;7;47,1;2;8;32,1;2;9;17,1;2;10;3,
Paciente208
0;2;5;2,0;2;6;30,0;2;7;15,0;2;8;5,0;2;9;9,1;0;9;9,1;2;4;4,1;2;5;70,1;2;6;59,1;2;7;58,1;2;8;53,1;2;9;25,1;2;10;2,
Paciente209
0;0;8;4,0;0;9;7,0;2;6;23,0;2;7;30,0;2;8;34,0;2;9;16,0;2;10;5,1;0;7;9,1;0;8;12,1;0;9;14,1;2;5;15,1;2;6;72,1;2;7;62,1;2;8;13,1;2;9;27,
Paciente210
0;2;5;4,0;2;6;18,0;2;7;30,0;2;8;11,0;2;9;23,0;2;10;6,1;2;5;27,1;2;6;146,1;2;7;87,1;2;8;68,1;2;9;15,
Paciente211
0;0;9;2,0;2;8;5,0;2;9;1,1;0;5;24,1;0;6;36,1;0;7;34,1;0;8;27,1;0;9;13,1;2;4;2,1;2;5;24,1;2;6;118,1;2;7;63,1;2;8;27,1;2;9;8,1;2;10;1,
Paciente212
0;0;8;6,0;0;9;20,0;0;10;2,0;2;6;65,0;2;7;128,0;2;8;64,0;2;9;24,0;2;10;1,1;2;6;30,1;2;7;28,1;2;8;34,1;2;9;13,
Paciente213
0;0;9;1,0;2;6;4,0;2;7;7,0;2;8;25,0;2;9;8,1;0;7;1,1;0;8;16,1;0;9;14,1;0;10;3,1;2;5;11,1;2;6;73,1;2;7;83,1;2;8;49,1;2;9;19,1;2;10;1,
Paciente214
0;0;7;2,0;0;8;6,0;0;9;11,0;2;7;44,0;2;8;46,0;2;9;28,0;2;10;3,1;0;6;17,1;0;7;36,1;0;8;20,1;0;9;18,1;0;10;2,1;2;6;44,1;2;7;115,1;2;8;72,1;2;9;26,
Paciente215
0;2;6;7,0;2;7;20,0;2;8;18,0;2;9;24,0;2;10;2,1;0;9;7,1;0;10;3,1;2;5;12,1;2;6;137,1;2;7;85,1;2;8;67,1;2;9;65,1;2;10;2,
Paciente216
0;0;7;9,0;0;8;23,0;0;9;9,0;2;6;11,0;2;7;59,0;2;8;28,0;2;9;10,1;0;6;15,1;0;7;30,1;0;8;11,1;0;9;21,1;0;10;2,1;2;6;16,1;2;7;54,1;2;8;25,1;2;9;10,
Paciente217
0;0;10;1,0;2;8;25,0;2;9;11,0;2;10;3,1;0;7;2,1;0;8;25,1;0;9;14,1;0;10;8,1;2;5;9,1;2;6;58,1;2;7;85,1;2;8;59,1;2;9;36,
Paciente218
0;2;4;8,0;2;5;21,0;2;6;36,0;2;7;48,0;2;8;44,0;2;9;19,0;2;10;3,1;2;4;4,1;2;5;12,1;2;6;28,1;2;7;30,1;2;8;22,1;2;9;6,
Paciente219
0;2;6;57,0;2;7;49,0;2;8;18,0;2;9;36,0;2;10;3,1;2;5;4,1;2;6;34,1;2;7;33,1;2;8;18,1;2;9;9,
Paciente220
0;0;5;1,0;0;6;3,0;0;7;16,0;0;8;20,0;0;9;20,0;0;10;4,0;2;5;12,0;2;6;81,0;2;7;82,0;2;8;42,0;2;9;27,1;2;8;5,
Paciente221
0;2;5;41,0;2;6;144,0;2;7;120,0;2;8;89,0;2;9;76,0;2;10;3,
Paciente222
1;2;4;5,1;2;5;30,1;2;6;145,1;2;7;99,1;2;8;71,1;2;9;52,1;2;10;4,
Paciente223
0;0;8;12,0;0;9;12,0;2;5;106,0;2;6;119,0;2;7;97,0;2;8;61,0;2;9;21,0;2;10;5,0;3;7;5,0;3;8;5,
Paciente224
0;2;6;17,0;2;7;79,0;2;8;28,0;2;9;24,1;2;6;36,1;2;7;99,1;2;8;48,1;2;9;44,1;2;10;3,
Paciente225
0;0;7;2,0;0;8;5,0;0;9;7,0;0;10;2,0;2;6;16,0;2;7;26,0;2;8;16,0;2;9;10,1;0;6;27,1;0;7;28,1;0;8;17,1;0;9;23,1;2;5;18,1;2;6;129,1;2;7;125,1;2;8;26,1;2;9;14,
Paciente226
0;0;7;13,0;0;8;28,0;0;9;18,0;2;6;23,0;2;7;46,0;2;8;41,0;2;9;13,1;0;6;27,1;0;7;44,1;0;8;20,1;0;9;17,1;0;10;3,1;2;6;36,1;2;7;83,1;2;8;37,1;2;9;8,1;2;10;3,
Paciente227
0;0;6;2,0;0;7;5,0;0;8;1,0;0;9;6,0;2;6;7,0;2;7;9,0;2;8;5,0;2;9;10,1;0;5;15,1;0;6;74,1;0;7;31,1;0;8;13,1;0;9;9,1;1;8;2,1;1;9;4,1;1;10;2,1;2;5;53,1;2;6;80,1;2;7;43,1;2;8;32,1;2;9;25,1;3;8;7,1;3;9;9,1;3;10;1,
Paciente228
0;0;9;4,0;2;7;5,0;2;8;10,0;2;9;10,1;0;5;7,1;0;6;31,1;0;7;21,1;0;8;3,1;0;9;17,1;2;4;3,1;2;5;71,1;2;6;65,1;2;7;41,1;2;8;27,1;2;9;16,1;2;10;2,
Paciente229
0;2;9;4,0;2;10;1,1;0;4;2,1;0;5;29,1;0;6;3,1;0;7;10,1;0;8;22,1;0;9;4,1;0;10;4,1;2;3;4,1;2;4;23,1;2;5;137,1;2;6;43,1;2;7;36,1;2;8;22,1;2;9;1,1;2;10;2,
Paciente230
1;0;8;5,1;0;9;12,1;0;10;4,1;2;5;29,1;2;6;126,1;2;7;127,1;2;8;74,1;2;9;26,1;2;10;3,1;3;8;3,1;3;9;4,
Paciente231
0;2;4;11,0;2;5;25,0;2;6;28,0;2;7;31,0;2;8;36,0;2;9;7,1;2;3;10,1;2;4;20,1;2;5;69,1;2;6;61,1;2;7;29,1;2;8;43,1;2;9;14,1;2;10;2,
Paciente232
0;2;6;10,0;2;7;24,0;2;8;16,0;2;9;21,1;2;5;15,1;2;6;130,1;2;7;76,1;2;8;42,1;2;9;24,1;2;10;2,
Paciente233
0;2;5;10,0;2;6;64,0;2;7;49,0;2;8;48,0;2;9;27,0;2;10;5,1;2;5;2,1;2;6;42,1;2;7;32,1;2;8;30,1;2;9;13,
Paciente234
0;0;7;1,0;0;8;4,0;0;9;7,0;2;6;21,0;2;7;68,0;2;8;42,0;2;9;17,1;0;7;11,1;0;8;13,1;0;9;15,1;2;5;11,1;2;6;69,1;2;7;132,1;2;8;75,1;2;9;13,1;2;10;3,
Paciente235
0;0;8;2,0;0;9;3,0;0;10;3,0;2;6;30,0;2;7;48,0;2;8;21,0;2;9;21,1;0;8;10,1;0;9;11,1;0;10;1,1;2;5;24,1;2;6;124,1;2;7;70,1;2;8;32,1;2;9;30,
Paciente236
0;2;6;22,0;2;7;90,0;2;8;16,0;2;9;15,0;2;10;6,1;2;5;1,1;2;6;39,1;2;7;74,1;2;8;51,1;2;9;6,
Paciente237
0;0;8;6,0;0;9;8,0;0;10;2,0;2;6;12,0;2;7;99,0;2;8;30,0;2;9;10,1;0;7;9,1;0;8;13,1;0;9;13,1;0;10;3,1;2;6;63,1;2;7;85,1;2;8;38,1;2;9;5,
Paciente238
1;2;5;9,1;2;6;93,1;2;7;103,1;2;8;70,1;2;9;28,1;2;10;4,
Paciente239
0;0;8;1,0;0;9;6,0;2;7;131,0;2;8;63,0;2;9;25,0;3;8;3,1;0;8;7,1;0;9;3,1;0;10;8,1;2;6;51,1;2;7;194,1;2;8;62,1;2;9;19,1;2;10;1,1;3;8;6,1;3;9;3,
Paciente240
1;0;6;73,1;0;7;48,1;0;8;31,1;0;9;12,1;0;10;1,1;1;8;3,1;1;9;2,1;2;5;20,1;2;6;90,1;2;7;92,1;2;8;42,1;2;9;32,1;2;10;2,1;3;7;1,1;3;8;9,1;3;9;2,
Paciente241
0;0;9;9,0;2;4;6,0;2;5;75,0;2;6;106,0;2;7;76,0;2;8;56,0;2;9;30,0;2;10;3,1;2;5;7,1;2;6;11,1;2;7;3,1;2;8;8,1;2;9;11,
Paciente242
0;0;9;2,0;2;6;12,0;2;7;13,0;2;8;23,0;2;9;22,0;2;10;3,1;0;9;10,1;2;5;13,1;2;6;45,1;2;7;53,1;2;8;46,1;2;9;32,
Paciente243
0;0;6;12,0;0;7;8,0;0;8;13,0;0;9;15,0;2;5;1,0;2;6;49,0;2;7;19,0;2;8;9,0;2;9;16,1;0;5;3,1;0;6;24,1;0;7;6,1;0;8;9,1;0;9;13,1;2;5;17,1;2;6;35,1;2;7;17,1;2;8;16,1;2;9;20,1;2;10;2,
Paciente244
0;0;9;4,0;2;5;10,0;2;6;54,0;2;7;40,0;2;8;23,0;2;9;21,0;2;10;5,1;0;9;1,1;2;5;2,1;2;6;59,1;2;7;56,1;2;8;21,1;2;9;14,
Paciente245
0;0;7;10,0;0;8;13,0;2;7;10,0;2;8;31,0;2;9;18,1;0;7;32,1;0;8;55,1;0;9;14,1;0;10;2,1;2;5;1,1;2;6;25,1;2;7;32,1;2;8;38,1;2;9;18,1;2;10;1,
Paciente246
0;0;6;4,0;0;7;31,0;0;8;19,0;0;9;17,0;2;5;3,0;2;6;46,0;2;7;66,0;2;8;56,0;2;9;33,0;2;10;6,1;0;7;8,1;0;8;6,1;2;6;3,1;2;7;56,1;2;8;7,
Paciente247
0;0;6;4,0;0;7;31,0;0;8;19,0;0;9;17,0;2;5;3,0;2;6;46,0;2;7;66,0;2;8;56,0;2;9;33,0;2;10;6,1;0;7;8,1;0;8;6,1;2;6;3,1;2;7;56,1;2;8;7,
Paciente248
0;0;7;8,0;0;8;21,0;0;9;15,0;2;5;6,0;2;6;66,0;2;7;43,0;2;8;24,0;2;9;15,0;3;8;5,0;3;9;1,1;0;7;9,1;0;8;5,1;0;9;5,1;2;5;2,1;2;6;54,1;2;7;24,1;2;8;27,1;2;9;10,1;2;10;2,1;3;9;4,
Paciente249
0;2;6;27,0;2;7;30,0;2;8;26,1;0;7;11,1;0;8;12,1;0;9;14,1;2;4;24,1;2;5;124,1;2;6;140,1;2;7;63,1;2;8;36,1;2;9;20,1;2;10;4,1;3;7;10,1;3;8;11,1;3;9;9,
Paciente250
0;0;6;4,0;0;7;7,0;0;8;10,0;0;9;12,0;2;5;14,0;2;6;55,0;2;7;28,0;2;8;20,0;2;9;8,1;0;6;13,1;0;7;6,1;0;8;12,1;0;9;13,1;2;4;11,1;2;5;36,1;2;6;40,1;2;7;39,1;2;8;29,1;2;9;17,1;2;10;2,
Paciente251
1;0;9;8,1;0;10;1,1;2;4;8,1;2;5;101,1;2;6;101,1;2;7;87,1;2;8;75,1;2;9;68,1;2;10;2,1;3;8;3,
Paciente252
0;0;5;15,0;0;6;53,0;0;7;31,0;0;8;38,0;0;9;24,0;2;5;24,0;2;6;71,0;2;7;32,0;2;8;24,0;2;9;7,0;2;10;1,1;0;6;11,1;2;6;8,1;2;7;3,1;2;8;4,1;2;9;4,1;2;10;1,
Paciente253
0;0;6;50,0;0;7;43,0;0;8;31,0;0;9;32,0;2;5;15,0;2;6;58,0;2;7;48,0;2;8;27,0;2;9;11,0;2;10;3,1;0;6;13,1;0;7;4,1;2;6;7,1;2;7;5,1;2;8;3,1;2;9;3,1;2;10;1,
Paciente254
1;2;5;49,1;2;6;112,1;2;7;113,1;2;8;96,1;2;9;32,1;2;10;2,
Paciente255
1;0;8;11,1;0;9;17,1;2;6;107,1;2;7;82,1;2;8;46,1;2;9;47,1;2;10;4,
Paciente256
0;0;7;4,0;0;8;11,0;0;9;19,0;2;5;7,0;2;6;41,0;2;7;103,0;2;8;70,0;2;9;25,0;2;10;6,1;0;8;3,1;0;9;5,1;2;6;6,1;2;7;74,1;2;8;38,1;2;9;11,
Paciente257
0;0;7;4,0;0;8;11,0;0;9;19,0;2;5;7,0;2;6;41,0;2;7;103,0;2;8;70,0;2;9;25,0;2;10;6,1;0;8;3,1;0;9;5,1;2;6;6,1;2;7;74,1;2;8;38,1;2;9;11,
Paciente258
0;0;7;2,0;0;8;6,0;0;9;8,0;2;5;11,0;2;6;39,0;2;7;23,0;2;8;18,0;2;9;12,0;2;10;6,1;0;7;12,1;0;8;14,1;0;9;9,1;2;5;77,1;2;6;61,1;2;7;51,1;2;8;55,1;2;9;9,
Paciente259
0;0;4;2,0;0;5;25,0;0;6;19,0;0;7;22,0;0;8;24,0;0;9;10,0;2;4;6,0;2;5;44,0;2;6;50,0;2;7;7,0;2;8;26,0;2;9;4,0;2;10;2,
Paciente260
0;0;8;5,0;0;9;6,0;0;10;2,0;2;5;7,0;2;6;50,0;2;7;38,0;2;8;24,0;2;9;23,1;0;8;5,1;0;9;9,1;0;10;2,1;2;4;17,1;2;5;19,1;2;6;15,1;2;7;53,1;2;8;39,1;2;9;24,
Paciente261
0;0;5;1,0;0;6;6,0;0;7;6,0;0;8;6,0;0;9;22,0;1;9;1,0;1;10;3,0;2;5;48,0;2;6;32,0;2;7;6,0;2;8;17,0;2;9;20,0;3;8;5,0;3;9;6,1;0;5;10,1;0;6;9,1;0;8;10,1;1;8;1,1;2;4;9,1;2;5;61,1;2;6;30,1;2;7;23,1;2;8;26,1;2;9;21,1;3;8;1,
Paciente262
0;0;9;2,0;2;6;5,0;2;7;45,0;2;8;52,0;2;9;20,1;0;8;12,1;0;9;10,1;0;10;5,1;2;6;134,1;2;7;119,1;2;8;55,1;2;9;26,1;2;10;5,
Paciente263
1;0;8;22,1;0;9;30,1;0;10;1,1;2;5;14,1;2;6;53,1;2;7;163,1;2;8;75,1;2;9;51,
Paciente264
0;2;4;1,0;2;5;20,0;2;6;86,0;2;7;66,0;2;8;40,0;2;9;20,1;2;4;7,1;2;5;27,1;2;6;37,1;2;7;40,1;2;8;43,1;2;9;8,1;2;10;9,
Paciente265
0;2;4;3,0;2;5;28,0;2;6;123,0;2;7;64,0;2;8;32,0;2;9;14,1;2;4;12,1;2;5;64,1;2;6;55,1;2;7;31,1;2;8;36,1;2;9;31,1;2;10;1,
Paciente266
0;2;5;3,0;2;6;19,0;2;7;23,0;2;8;11,0;2;9;19,0;2;10;3,1;2;4;11,1;2;5;70,1;2;6;99,1;2;7;90,1;2;8;45,1;2;9;22,
Paciente267
0;0;9;16,0;0;10;3,0;2;6;35,0;2;7;100,0;2;8;64,0;2;9;58,0;3;9;1,1;0;8;1,1;0;9;9,1;2;5;16,1;2;6;18,1;2;7;64,1;2;8;87,1;2;9;15,1;2;10;5,1;3;9;1,
Paciente268
0;0;7;10,0;0;8;18,0;0;9;27,0;2;7;25,0;2;8;23,0;2;9;6,0;3;8;8,0;3;9;9,1;0;6;19,1;0;7;62,1;0;8;19,1;0;9;8,1;1;7;6,1;1;8;15,1;1;9;12,1;1;10;3,1;2;6;18,1;2;7;37,1;2;8;6,1;2;9;10,1;3;7;10,1;3;8;15,1;3;9;2,
Paciente269
0;0;9;5,0;0;10;5,0;2;5;3,0;2;6;49,0;2;7;81,0;2;8;66,0;2;9;58,0;2;10;2,1;2;6;2,1;2;7;16,1;2;8;5,
Paciente270
0;2;6;67,0;2;7;25,0;2;8;25,0;2;9;22,0;3;8;2,0;3;9;6,1;2;6;126,1;2;7;59,1;2;8;49,1;2;9;31,1;2;10;2,1;3;8;7,1;3;9;9,
Paciente271
0;0;6;2,0;0;7;7,0;0;8;9,0;0;9;1,0;2;6;5,0;2;7;30,0;2;8;23,0;2;9;14,1;0;6;23,1;0;7;20,1;0;8;17,1;0;9;10,1;2;5;18,1;2;6;38,1;2;7;64,1;2;8;32,1;2;9;17,1;2;10;2,
Paciente272
0;0;6;3,0;0;7;12,0;0;8;19,0;0;9;20,0;0;10;4,0;2;6;36,0;2;7;57,0;2;8;28,0;2;9;7,1;0;5;5,1;0;6;10,1;0;7;8,1;0;8;18,1;0;9;12,1;2;5;5,1;2;6;26,1;2;7;47,1;2;8;38,1;2;9;5,
Paciente273
0;0;6;2,0;0;7;38,0;0;8;25,0;0;9;14,0;2;5;22,0;2;6;65,0;2;7;57,0;2;8;38,0;2;9;33,0;2;10;3,1;0;6;8,1;0;7;30,1;0;8;12,1;2;6;25,1;2;7;94,1;2;8;37,
Paciente274
0;2;6;32,0;2;7;25,0;2;8;25,0;2;9;28,1;0;9;10,1;2;6;114,1;2;7;110,1;2;8;77,1;2;9;24,1;2;10;4,
Paciente275
0;0;8;3,0;0;9;5,0;2;8;7,0;2;9;6,1;0;3;7,1;0;4;30,1;0;5;52,1;0;6;66,1;0;7;39,1;0;8;12,1;0;9;2,1;1;6;4,1;1;7;5,1;1;8;11,1;1;9;7,1;2;3;11,1;2;4;40,1;2;5;74,1;2;6;67,1;2;7;46,1;2;8;27,1;2;9;23,1;2;10;9,1;3;6;4,1;3;7;8,1;3;8;8,1;3;9;2,
Paciente276
0;0;10;3,0;2;5;2,0;2;6;33,0;2;7;32,0;2;8;47,0;2;9;31,0;2;10;1,1;0;9;4,1;0;10;5,1;2;5;6,1;2;6;92,1;2;7;59,1;2;8;60,1;2;9;19,
Paciente277
0;2;6;56,0;2;7;98,0;2;8;18,0;2;9;29,0;2;10;3,1;2;6;48,1;2;7;58,1;2;8;38,1;2;9;2,
Paciente278
1;0;6;6,1;0;7;7,1;0;8;16,1;0;9;19,1;0;10;3,1;2;5;52,1;2;6;97,1;2;7;56,1;2;8;27,1;2;9;32,
Paciente279
0;0;7;1,0;0;8;4,0;0;9;1,0;2;6;5,0;2;7;23,0;2;8;36,0;2;9;26,0;2;10;3,1;0;6;9,1;0;7;23,1;0;8;17,1;2;5;1,1;2;6;108,1;2;7;71,1;2;8;39,1;2;9;1,
Paciente280
0;0;7;12,0;0;8;20,0;0;9;15,0;2;6;25,0;2;7;150,0;2;8;46,0;2;9;35,0;2;10;3,1;0;7;30,1;0;8;24,1;0;9;14,1;2;6;46,1;2;7;177,1;2;8;56,1;2;9;41,1;2;10;3,
Paciente281
0;0;6;8,0;0;7;13,0;0;8;8,0;0;9;13,0;2;5;49,0;2;6;104,0;2;7;54,0;2;8;41,0;2;9;31,0;2;10;2,1;2;9;2,
Paciente282
0;0;8;11,0;0;9;17,0;2;6;62,0;2;7;89,0;2;8;60,0;2;9;31,0;2;10;3,1;2;6;7,1;2;7;14,1;2;8;4,
Paciente283
0;0;6;4,0;0;7;3,0;0;8;9,0;0;9;12,0;2;6;24,0;2;7;24,0;2;8;15,0;2;9;10,1;0;5;10,1;0;6;26,1;0;7;2,1;0;8;14,1;0;9;20,1;0;10;5,1;2;4;2,1;2;5;42,1;2;6;50,1;2;7;25,1;2;8;36,1;2;9;10,
Paciente284
0;2;5;7,0;2;6;147,0;2;7;81,0;2;8;63,0;2;9;42,0;2;10;6,0;3;8;3,0;3;9;3,1;2;6;1,1;2;7;1,
Paciente285
0;0;7;8,0;0;8;7,0;0;9;9,0;2;6;31,0;2;7;40,0;2;8;19,0;2;9;2,1;0;5;1,1;0;6;7,1;0;7;13,1;0;8;13,1;0;9;14,1;2;5;11,1;2;6;80,1;2;7;52,1;2;8;34,1;2;9;11,1;2;10;2,
Paciente286
0;0;8;7,0;0;9;10,0;0;10;1,0;2;5;11,0;2;6;70,0;2;7;66,0;2;8;26,0;2;9;7,1;0;8;5,1;0;9;2,1;0;10;6,1;2;5;36,1;2;6;8,1;2;7;35,1;2;8;18,1;2;9;9,
Paciente287
0;0;8;13,0;0;9;5,0;2;8;69,0;2;9;59,0;2;10;2,1;0;8;34,1;0;9;14,1;2;3;1,1;2;8;70,1;2;9;55,
Paciente288
0;2;6;1,0;2;7;40,0;2;8;27,0;2;9;45,1;2;6;76,1;2;7;180,1;2;8;60,1;2;9;46,1;2;10;4,
Paciente289
0;2;6;17,0;2;7;82,0;2;8;60,0;2;9;33,0;2;10;5,1;2;6;39,1;2;7;221,1;2;8;70,1;2;9;34,
Paciente290
0;0;8;5,0;0;9;13,0;0;10;4,0;2;7;31,0;2;8;63,0;2;9;36,0;2;10;3,1;0;6;11,1;0;7;46,1;0;8;38,1;0;9;26,1;2;6;87,1;2;7;222,1;2;8;59,1;2;9;22,
Paciente291
0;0;6;2,0;0;7;21,0;0;8;16,0;0;9;6,0;2;7;36,0;2;8;23,0;2;9;42,0;2;10;5,1;0;6;1,1;0;7;45,1;0;8;88,1;0;9;2,1;2;5;6,1;2;6;30,1;2;7;95,1;2;8;43,1;2;9;10,
Paciente292
0;0;7;4,0;0;8;11,0;2;6;14,0;2;7;17,0;2;8;46,0;2;9;11,1;0;6;6,1;0;7;15,1;0;8;19,1;0;9;9,1;2;5;5,1;2;6;71,1;2;7;77,1;2;8;32,1;2;9;23,1;2;10;5,
Paciente293
0;0;6;2,0;0;8;11,0;0;9;17,0;2;5;6,0;2;6;73,0;2;7;54,0;2;8;24,0;2;9;11,0;2;10;4,0;3;7;7,0;3;9;15,1;0;8;2,1;0;9;1,1;2;5;5,1;2;6;36,1;2;7;20,1;2;8;19,1;2;9;16,1;3;9;1,
Paciente294
0;0;9;1,0;0;10;2,0;2;6;39,0;2;7;92,0;2;8;90,0;2;9;22,0;2;10;3,1;0;9;6,1;2;6;127,1;2;7;126,1;2;8;53,1;2;9;48,
Paciente295
0;0;6;32,0;0;7;66,0;0;8;42,0;0;9;24,0;0;10;1,0;2;6;64,0;2;7;124,0;2;8;55,0;2;9;40,0;2;10;2,1;2;6;1,1;2;7;10,1;2;8;9,1;2;9;8,1;2;10;3,
Paciente296
0;2;5;11,0;2;6;81,0;2;7;84,0;2;8;54,0;2;9;20,0;2;10;2,1;2;5;12,1;2;6;133,1;2;7;60,1;2;8;48,1;2;9;30,
Paciente297
0;2;5;23,0;2;6;105,0;2;7;44,0;2;8;65,0;2;9;21,0;2;10;2,0;3;8;6,
Paciente298
0;0;9;3,0;2;7;1,0;2;8;25,0;2;9;14,0;2;10;2,1;0;6;2,1;0;7;30,1;0;8;38,1;0;9;17,1;0;10;2,1;2;6;46,1;2;7;211,1;2;8;77,1;2;9;27,
Paciente299
0;0;9;2,0;2;8;3,0;2;9;5,1;0;5;19,1;0;6;19,1;0;7;22,1;0;8;21,1;0;9;21,1;2;5;42,1;2;6;110,1;2;7;64,1;2;8;24,1;2;9;20,1;2;10;1,
Paciente300
0;2;6;1,0;2;7;12,0;2;8;15,0;2;9;21,1;0;9;6,1;2;6;48,1;2;7;78,1;2;8;34,1;2;9;18,1;2;10;3,
Paciente301
0;0;7;2,0;0;8;7,0;0;9;11,0;2;6;1,0;2;7;78,0;2;8;56,0;2;9;41,0;2;10;5,1;0;7;39,1;0;8;25,1;0;9;16,1;2;6;135,1;2;7;203,1;2;8;87,1;2;9;26,
Paciente302
1;2;5;6,1;2;6;115,1;2;7;124,1;2;8;65,1;2;9;71,1;2;10;4,
Paciente303
1;2;5;9,1;2;6;82,1;2;7;60,1;2;8;71,1;2;9;100,1;2;10;6,
Paciente304
0;0;6;11,0;0;7;48,0;0;8;32,0;0;9;41,0;2;6;81,0;2;7;100,0;2;8;58,0;2;9;40,1;0;6;6,1;0;7;1,1;2;6;33,1;2;7;33,1;2;8;19,1;2;9;12,1;2;10;2,
Paciente305
0;0;7;2,0;0;8;4,0;0;9;10,0;0;10;4,0;2;4;7,0;2;5;20,0;2;6;54,0;2;7;25,0;2;8;23,0;2;9;8,1;0;6;2,1;0;7;5,1;0;8;9,1;0;9;4,1;2;4;13,1;2;5;32,1;2;6;66,1;2;7;50,1;2;8;32,1;2;9;9,
Paciente306
0;0;7;8,0;0;8;12,0;2;5;50,0;2;6;130,0;2;7;48,0;2;8;33,0;2;9;14,0;2;10;2,1;0;7;7,1;0;8;5,1;0;9;6,1;2;5;36,1;2;6;118,1;2;7;25,1;2;8;7,1;2;9;7,
Paciente307
0;0;7;8,0;0;8;8,0;0;9;12,0;2;6;2,0;2;7;86,0;2;8;53,0;2;9;37,0;2;10;2,1;0;6;3,1;0;7;98,1;0;8;48,1;0;9;3,1;2;6;113,1;2;7;251,1;2;8;57,1;2;9;19,
Paciente308
0;2;6;26,0;2;7;19,0;2;8;17,0;2;9;21,0;2;10;4,1;2;5;15,1;2;6;87,1;2;7;54,1;2;8;47,1;2;9;8,
Paciente309
0;2;6;26,0;2;7;19,0;2;8;17,0;2;9;21,0;2;10;4,1;2;5;15,1;2;6;87,1;2;7;54,1;2;8;47,1;2;9;8,
Paciente310
0;0;6;28,0;0;7;39,0;0;8;21,0;0;9;23,0;2;6;43,0;2;7;50,0;2;8;39,0;2;9;19,0;2;10;2,1;0;6;20,1;0;7;12,1;0;8;10,1;0;9;11,1;2;6;26,1;2;7;18,1;2;8;15,1;2;9;3,
Paciente311
0;0;8;7,0;0;9;4,0;2;5;3,0;2;6;153,0;2;7;67,0;2;8;45,0;2;9;31,1;2;6;68,1;2;7;40,1;2;8;21,1;2;9;3,1;2;10;2,
Paciente312
1;2;5;17,1;2;6;235,1;2;7;146,1;2;8;114,1;2;9;62,1;2;10;9,
Paciente313
0;0;7;11,0;0;8;22,0;0;9;5,0;2;6;31,0;2;7;73,0;2;8;37,0;2;9;41,0;2;10;2,1;0;6;20,1;0;7;46,1;0;8;38,1;2;6;108,1;2;7;127,1;2;8;57,1;2;9;14,
Paciente314
0;2;6;39,0;2;7;25,0;2;8;31,0;2;9;18,0;2;10;9,0;3;6;15,0;3;7;71,0;3;8;23,0;3;9;3,1;2;6;100,1;2;7;50,1;2;8;34,1;2;9;29,1;2;10;3,1;3;6;67,1;3;7;99,1;3;8;39,1;3;9;9,
Paciente315
0;2;6;13,0;2;7;34,0;2;8;3,1;0;8;14,1;0;9;13,1;2;5;51,1;2;6;154,1;2;7;102,1;2;8;38,1;2;9;11,1;2;10;4,
Paciente316
0;0;6;3,0;0;7;7,0;0;8;11,0;0;9;10,0;0;10;5,0;2;6;15,0;2;7;82,0;2;8;29,0;2;9;29,0;2;10;11,1;0;6;24,1;0;7;16,1;0;8;13,1;0;9;21,1;2;6;42,1;2;7;150,1;2;8;34,1;2;9;36,
Paciente317
0;0;8;1,0;0;9;8,0;0;10;2,0;2;5;5,0;2;6;40,0;2;7;15,0;2;8;35,0;2;9;43,0;2;10;1,1;0;7;5,1;0;8;10,1;0;9;12,1;2;5;7,1;2;6;167,1;2;7;69,1;2;8;43,1;2;9;16,
Paciente318
0;0;6;5,0;0;7;9,0;0;8;17,0;0;9;15,0;0;10;5,0;2;6;26,0;2;7;103,0;2;8;44,0;2;9;15,1;0;6;8,1;0;7;9,1;0;8;12,1;0;9;22,1;0;10;4,1;2;6;50,1;2;7;80,1;2;8;38,1;2;9;36,1;2;10;3,
Paciente319
0;0;6;10,0;0;7;19,0;0;8;14,0;0;9;21,0;0;10;3,0;2;6;53,0;2;7;76,0;2;8;33,0;2;9;10,0;2;10;3,1;0;6;5,1;0;7;9,1;2;6;15,1;2;7;35,1;2;8;12,1;2;9;7,
Paciente320
0;0;8;9,0;0;9;11,0;2;6;20,0;2;7;98,0;2;8;39,0;2;9;39,0;2;10;3,0;3;8;8,1;0;8;20,1;0;9;5,1;2;6;22,1;2;7;123,1;2;8;48,1;2;9;6,1;3;8;5,1;3;9;6,
Paciente321
0;2;5;36,0;2;6;13,0;2;7;50,0;2;8;40,0;2;9;16,1;2;4;2,1;2;5;81,1;2;6;60,1;2;7;65,1;2;8;40,1;2;9;24,1;2;10;1,
Paciente322
0;0;7;3,0;0;8;8,0;0;9;12,0;0;10;1,0;2;5;7,0;2;6;37,0;2;7;56,0;2;8;27,0;2;9;18,0;2;10;3,1;0;6;14,1;0;7;11,1;0;8;9,1;0;9;15,1;2;5;24,1;2;6;130,1;2;7;46,1;2;8;23,1;2;9;12,
Paciente323
0;0;8;7,0;0;9;7,0;2;7;26,0;2;8;31,0;2;9;23,1;0;6;24,1;0;7;40,1;0;8;24,1;0;9;22,1;0;10;2,1;2;6;66,1;2;7;172,1;2;8;46,1;2;9;25,1;2;10;2,
Paciente324
0;0;6;25,0;0;7;83,0;0;8;46,0;0;9;34,0;2;6;39,0;2;7;46,0;2;8;29,0;2;9;5,1;0;6;49,1;0;7;34,1;0;8;35,1;0;9;14,1;0;10;4,1;2;6;16,1;2;7;31,1;2;8;18,1;2;9;6,
Paciente325
1;0;6;10,1;0;7;13,1;0;8;13,1;0;9;25,1;2;5;11,1;2;6;104,1;2;7;47,1;2;8;34,1;2;9;24,1;2;10;3,
Paciente326
0;2;5;12,0;2;6;23,0;2;7;14,0;2;8;8,0;2;9;12,1;2;4;1,1;2;5;105,1;2;6;64,1;2;7;38,1;2;8;43,1;2;9;31,1;2;10;2,
Paciente327
0;0;9;10,0;2;7;24,0;2;8;29,0;2;9;30,0;2;10;5,1;0;6;12,1;0;7;32,1;0;8;26,1;0;9;16,1;2;4;8,1;2;5;54,1;2;6;167,1;2;7;109,1;2;8;45,
Paciente328
0;0;9;2,0;2;9;22,1;0;6;10,1;0;7;40,1;0;8;47,1;0;9;58,1;2;6;70,1;2;7;202,1;2;8;67,1;2;9;24,1;2;10;3,
Paciente329
0;2;8;7,0;2;9;7,0;2;10;3,1;2;6;24,1;2;7;282,1;2;8;123,1;2;9;57,1;2;10;2,
Paciente330
0;0;7;7,0;0;8;11,0;0;9;13,0;2;6;41,0;2;7;157,0;2;8;88,0;2;9;14,1;0;7;3,1;0;8;4,1;0;9;6,1;0;10;2,1;2;5;3,1;2;6;58,1;2;7;72,1;2;8;62,1;2;9;17,
Paciente331
0;0;5;10,0;0;7;6,0;0;8;37,0;0;9;30,0;0;10;5,0;2;5;19,0;2;6;36,0;2;7;19,0;2;8;60,0;2;9;17,1;0;5;39,1;0;6;8,1;0;7;24,1;0;8;54,1;0;9;3,1;2;5;40,1;2;6;55,1;2;7;37,1;2;8;42,1;2;9;6,
Paciente332
0;2;8;8,0;2;9;31,1;0;7;42,1;0;8;25,1;0;9;25,1;0;10;5,1;2;6;114,1;2;7;242,1;2;8;107,1;2;9;9,1;2;10;2,1;3;8;1,1;3;9;9,
Paciente333
0;2;7;23,0;2;8;22,0;2;9;28,0;2;10;4,1;2;6;59,1;2;7;229,1;2;8;70,1;2;9;34,
Paciente334
0;2;5;26,0;2;6;81,0;2;7;42,0;2;8;45,0;2;9;24,0;2;10;5,1;2;5;25,1;2;6;76,1;2;7;33,1;2;8;12,1;2;9;33,
Paciente335
0;0;7;3,0;0;8;9,0;0;9;11,0;2;6;46,0;2;7;125,0;2;8;84,0;2;9;2,0;3;8;3,1;0;7;8,1;0;8;24,1;0;9;13,1;0;10;1,1;2;6;154,1;2;7;166,1;2;8;29,1;2;9;3,1;2;10;2,1;3;8;7,1;3;9;4,
Paciente336
0;0;6;3,0;0;7;6,0;0;8;10,0;0;9;8,0;0;10;4,0;2;6;58,0;2;7;36,0;2;8;17,0;2;9;17,1;0;5;1,1;0;6;26,1;0;7;6,1;0;8;24,1;0;9;1,1;2;5;11,1;2;6;126,1;2;7;60,1;2;8;30,1;2;9;21,
Paciente337
0;2;6;27,0;2;7;51,0;2;8;50,0;2;9;44,1;2;6;121,1;2;7;119,1;2;8;45,1;2;9;39,1;2;10;5,
Paciente338
0;2;6;27,0;2;7;51,0;2;8;50,0;2;9;44,1;2;6;121,1;2;7;119,1;2;8;45,1;2;9;39,1;2;10;5,
Paciente339
0;0;6;1,0;0;7;10,0;0;8;8,0;0;9;9,0;2;6;31,0;2;7;21,0;2;8;23,0;2;9;21,0;2;10;3,1;0;6;74,1;0;7;27,1;0;8;18,1;0;9;7,1;2;5;27,1;2;6;146,1;2;7;66,1;2;8;64,1;2;9;45,
Paciente340
0;2;6;12,0;2;7;15,0;2;8;16,0;2;9;17,0;2;10;4,1;0;8;4,1;2;5;27,1;2;6;138,1;2;7;101,1;2;8;42,1;2;9;3,
Paciente341
0;0;4;1,0;0;6;6,0;0;7;6,0;0;8;7,0;0;9;9,0;0;10;1,0;2;4;11,0;2;5;11,0;2;6;57,0;2;7;28,0;2;8;16,0;2;9;8,0;2;10;1,1;0;4;2,1;0;5;7,1;0;6;18,1;0;7;21,1;0;8;8,1;2;4;12,1;2;5;20,1;2;6;85,1;2;7;106,
Paciente342
0;0;9;1,0;2;6;8,0;2;7;30,0;2;8;19,0;2;9;6,1;0;7;11,1;0;8;16,1;0;9;17,1;0;10;4,1;2;5;75,1;2;6;158,1;2;7;90,1;2;8;33,1;2;9;18,
Paciente343
0;0;6;41,0;0;7;38,0;0;8;56,0;0;9;54,0;0;10;12,0;2;6;50,0;2;7;149,0;2;8;68,0;2;9;53,0;2;10;2,
Paciente344
1;0;6;4,1;0;7;35,1;0;8;30,1;0;9;26,1;2;6;76,1;2;7;216,1;2;8;100,1;2;9;20,1;2;10;3,
Paciente345
0;2;5;1,0;2;6;31,0;2;7;60,0;2;8;20,0;2;9;22,1;2;5;55,1;2;6;70,1;2;7;65,1;2;8;25,1;2;9;45,1;2;10;1,
Paciente346
0;2;6;38,0;2;7;31,0;2;8;26,0;2;9;27,1;2;5;10,1;2;6;110,1;2;7;40,1;2;8;47,1;2;9;19,1;2;10;2,
Paciente347
0;2;4;5,0;2;5;12,0;2;6;16,0;2;7;50,0;2;8;20,0;2;9;3,1;2;5;12,1;2;6;60,1;2;7;38,1;2;8;16,1;2;9;17,1;2;10;2,
Paciente348
0;0;7;9,0;0;8;15,0;0;9;23,0;0;10;4,0;2;7;121,0;2;8;78,0;2;9;50,1;0;6;4,1;0;7;25,1;0;8;7,1;0;9;12,1;0;10;1,1;2;6;16,1;2;7;104,1;2;8;95,1;2;9;28,
Paciente349
0;0;7;5,0;0;8;9,0;0;9;13,0;2;6;86,0;2;7;64,0;2;8;51,0;2;9;23,0;2;10;6,1;0;7;4,1;0;8;8,1;0;9;10,1;2;6;81,1;2;7;57,1;2;8;43,1;2;9;17,
Paciente350
0;2;7;2,1;2;4;14,1;2;5;56,1;2;6;67,1;2;7;60,1;2;8;40,1;2;9;16,1;2;10;2,
Paciente351
0;0;9;9,0;2;7;11,0;2;8;31,0;2;9;40,0;2;10;2,1;0;6;12,1;0;7;51,1;0;8;62,1;0;9;11,1;1;9;1,1;2;6;91,1;2;7;255,1;2;8;80,1;2;9;17,1;3;8;28,1;3;9;18,
Paciente352
0;0;7;3,0;0;8;10,0;0;9;9,0;0;10;4,0;2;6;121,0;2;7;100,0;2;8;44,0;2;9;9,1;0;8;3,1;0;9;6,1;2;5;12,1;2;6;76,1;2;7;53,1;2;8;34,1;2;9;25,1;2;10;2,
Paciente353
0;0;8;3,0;0;9;6,0;2;7;7,0;2;8;13,0;2;9;9,0;2;10;3,1;0;6;30,1;0;7;47,1;0;8;20,1;0;9;10,1;2;5;4,1;2;6;116,1;2;7;88,1;2;8;42,1;2;9;2,
Paciente354
0;0;6;21,0;0;7;40,0;0;8;26,0;0;9;13,0;0;10;1,0;2;6;25,0;2;7;137,0;2;8;16,0;2;9;10,0;2;10;1,1;0;6;34,1;0;7;63,1;0;8;26,1;0;9;2,1;2;5;8,1;2;6;62,1;2;7;52,1;2;8;60,1;2;9;23,
Paciente355
1;2;5;18,1;2;6;114,1;2;7;218,1;2;8;153,1;2;9;63,1;2;10;5,
Paciente356
1;0;8;10,1;0;9;20,1;2;5;54,1;2;6;94,1;2;7;49,1;2;8;74,1;2;9;41,1;2;10;2,
Paciente357
0;0;9;4,0;2;6;12,0;2;7;152,0;2;8;56,0;2;9;50,0;2;10;6,1;2;6;11,1;2;7;90,1;2;8;20,1;2;9;11,
Paciente358
0;0;6;3,0;0;7;6,0;0;9;9,0;2;6;7,0;2;7;37,0;2;8;5,0;2;9;15,1;0;5;4,1;0;6;33,1;0;7;7,1;0;8;9,1;0;9;13,1;0;10;5,1;2;5;9,1;2;6;58,1;2;7;43,1;2;8;7,1;2;9;19,
Paciente359
0;0;6;2,0;0;7;6,0;0;8;8,0;0;9;24,0;2;6;13,0;2;7;19,0;2;8;47,0;2;9;22,1;0;6;32,1;0;7;39,1;0;8;23,1;0;9;35,1;0;10;3,1;2;6;34,1;2;7;157,1;2;8;55,1;2;9;9,
Paciente360
0;0;7;9,0;0;8;12,0;0;9;11,0;0;10;4,0;2;6;41,0;2;7;122,0;2;8;29,0;2;9;21,1;0;7;4,1;0;8;5,1;0;9;7,1;2;6;50,1;2;7;64,1;2;8;25,1;2;9;12,
Paciente361
0;0;8;5,0;0;9;9,0;2;7;53,0;2;8;41,0;2;9;24,0;3;8;1,0;3;9;2,1;0;6;1,1;0;7;19,1;0;8;36,1;0;9;15,1;0;10;4,1;1;9;2,1;2;6;65,1;2;7;141,1;2;8;33,1;2;9;3,1;3;8;23,1;3;9;9,
Paciente362
0;2;8;18,0;2;9;4,1;0;6;7,1;0;7;14,1;0;8;21,1;0;9;19,1;2;6;121,1;2;7;83,1;2;8;68,1;2;9;17,1;2;10;2,
Paciente363
1;0;6;29,1;0;7;154,1;0;8;67,1;0;9;15,1;2;5;5,1;2;6;105,1;2;7;171,1;2;8;91,1;2;9;61,1;2;10;5,1;3;9;7,
Paciente364
0;0;9;2,0;2;9;13,0;2;10;2,1;0;6;11,1;0;7;87,1;0;8;94,1;0;9;29,1;2;4;1,1;2;5;16,1;2;6;16,1;2;7;123,1;2;8;110,1;2;9;35,
Paciente365
0;0;9;11,0;0;10;4,0;2;6;63,0;2;7;129,0;2;8;77,0;2;9;27,0;2;10;1,0;3;7;6,0;3;8;13,0;3;9;3,1;0;9;5,1;2;6;90,1;2;7;87,1;2;8;47,1;2;9;34,1;3;8;14,1;3;9;8,
Paciente366
0;0;7;4,0;0;8;24,0;0;9;14,0;0;10;5,0;2;6;76,0;2;7;93,0;2;8;68,0;2;9;20,1;0;7;2,1;0;8;10,1;0;9;4,1;2;6;54,1;2;7;58,1;2;8;35,1;2;9;10,
Paciente367
0;0;7;5,0;0;8;1,0;0;9;9,0;2;5;4,0;2;6;63,0;2;7;51,0;2;8;23,0;2;9;21,1;0;9;3,1;2;5;6,1;2;6;47,1;2;7;35,1;2;8;10,1;2;9;23,1;2;10;3,
Paciente368
0;0;7;5,0;0;8;10,0;0;9;3,0;2;6;17,0;2;7;26,0;2;8;52,0;2;9;26,0;2;10;3,1;0;6;12,1;0;7;65,1;0;8;17,1;2;6;39,1;2;7;197,1;2;8;54,
Paciente369
0;0;6;14,0;0;7;23,0;0;8;24,0;0;9;18,0;2;5;18,0;2;6;149,0;2;7;84,0;2;8;39,0;2;9;14,0;2;10;4,1;0;6;2,1;0;7;3,1;2;6;98,1;2;7;40,1;2;8;31,
Paciente370
0;0;6;24,0;0;7;18,0;0;8;7,0;0;9;21,0;2;5;26,0;2;6;87,0;2;7;33,0;2;8;18,0;2;9;18,0;2;10;5,1;0;6;6,1;0;7;1,1;2;5;5,1;2;6;34,1;2;7;17,1;2;8;13,1;2;9;21,
Paciente371
0;2;7;7,0;2;8;15,0;2;9;18,1;2;5;68,1;2;6;178,1;2;7;69,1;2;8;57,1;2;9;25,1;2;10;3,
Paciente372
0;0;6;1,0;0;7;18,0;0;8;15,0;0;9;3,0;2;6;25,0;2;7;48,0;2;8;12,0;2;9;14,0;2;10;3,1;0;5;3,1;0;6;23,1;0;7;22,1;0;8;17,1;0;9;8,1;2;5;14,1;2;6;50,1;2;7;56,1;2;8;27,1;2;9;10,1;2;10;3,
Paciente373
1;2;4;8,1;2;5;76,1;2;6;85,1;2;7;47,1;2;8;50,1;2;9;63,1;2;10;8,
Paciente374
1;0;9;10,1;0;10;4,1;2;6;85,1;2;7;274,1;2;8;170,1;2;9;93,
Paciente375
1;0;9;7,1;2;6;160,1;2;7;226,1;2;8;92,1;2;9;34,1;2;10;4,
Paciente376
0;0;6;14,0;0;7;9,0;0;8;20,0;0;9;5,0;2;5;4,0;2;6;88,0;2;7;54,0;2;8;24,0;2;9;24,1;0;6;13,1;0;7;18,1;0;8;20,1;0;9;12,1;2;5;61,1;2;6;46,1;2;7;55,1;2;8;47,1;2;9;36,1;2;10;3,
Paciente377
0;2;6;17,0;2;7;43,0;2;8;27,0;2;9;18,0;2;10;4,1;2;6;156,1;2;7;91,1;2;8;57,1;2;9;25,1;3;8;16,
Paciente378
1;0;9;5,1;2;5;26,1;2;6;78,1;2;7;77,1;2;8;43,1;2;9;32,1;2;10;3,
Paciente379
0;0;6;11,0;0;7;12,0;0;8;15,0;0;9;15,0;0;10;4,0;2;5;11,0;2;6;82,0;2;7;51,0;2;8;14,0;2;9;7,1;0;6;11,1;0;7;11,1;0;8;8,1;0;9;2,1;2;5;16,1;2;6;57,1;2;7;30,1;2;8;15,1;2;9;14,1;2;10;2,
Paciente380
0;0;6;10,0;0;7;11,0;0;8;14,0;0;9;14,0;2;6;66,0;2;7;78,0;2;8;23,0;2;9;21,0;2;10;2,1;0;6;20,1;0;7;15,1;0;8;10,1;0;9;11,1;2;6;84,1;2;7;66,1;2;8;44,1;2;9;26,
Paciente381
0;0;6;20,0;0;7;14,0;0;8;14,0;0;9;1,0;2;5;6,0;2;6;54,0;2;7;18,0;2;8;15,0;2;9;14,0;2;10;2,1;0;6;44,1;0;7;11,1;0;8;13,1;0;9;10,1;2;5;26,1;2;6;46,1;2;7;35,1;2;8;16,1;2;9;19,
Paciente382
0;2;6;17,0;2;7;16,0;2;8;20,0;2;9;18,0;2;10;4,1;2;5;17,1;2;6;124,1;2;7;167,1;2;8;20,1;2;9;6,
Paciente383
0;0;6;1,0;0;7;15,0;0;8;12,0;0;9;4,0;2;4;5,0;2;5;58,0;2;6;148,0;2;7;85,0;2;8;27,0;2;9;24,0;2;10;5,1;2;6;2,1;2;7;4,1;2;9;5,
Paciente384
0;0;9;2,0;2;7;5,0;2;8;39,0;2;9;17,1;0;6;9,1;0;7;18,1;0;8;25,1;0;9;25,1;2;6;160,1;2;7;161,1;2;8;36,1;2;9;23,1;2;10;3,
Paciente385
0;2;6;41,0;2;7;43,0;2;8;35,0;2;9;18,0;2;10;3,0;3;6;8,0;3;7;10,0;3;8;12,0;3;9;12,0;3;10;3,1;2;6;32,1;2;7;118,1;2;8;30,1;2;9;17,1;3;6;16,1;3;7;24,1;3;8;15,1;3;9;16,
Paciente386
0;2;8;14,1;0;7;15,1;0;8;20,1;0;9;16,1;2;5;23,1;2;6;71,1;2;7;104,1;2;8;59,1;2;9;26,1;2;10;2,
Paciente387
0;0;8;3,0;0;9;7,0;2;5;6,0;2;6;13,0;2;7;12,0;2;8;7,0;2;9;9,1;0;5;4,1;0;6;11,1;0;7;2,1;0;8;11,1;0;9;8,1;0;10;5,1;2;4;3,1;2;5;35,1;2;6;69,1;2;7;44,1;2;8;31,1;2;9;13,
Paciente388
0;0;8;3,0;0;9;7,0;2;5;6,0;2;6;13,0;2;7;12,0;2;8;7,0;2;9;9,1;0;5;4,1;0;6;11,1;0;7;2,1;0;8;11,1;0;9;8,1;0;10;5,1;2;4;3,1;2;5;35,1;2;6;69,1;2;7;44,1;2;8;31,1;2;9;13,
Paciente389
0;0;8;3,0;0;9;6,0;2;5;2,0;2;6;28,0;2;7;42,0;2;8;62,0;2;9;30,1;0;7;1,1;0;8;17,1;0;9;15,1;0;10;3,1;2;5;13,1;2;6;164,1;2;7;97,1;2;8;65,1;2;9;14,
Paciente390
0;0;8;4,0;0;9;2,0;2;7;32,0;2;8;38,0;2;9;15,1;0;6;12,1;0;7;37,1;0;8;21,1;0;9;22,1;0;10;2,1;2;5;14,1;2;6;231,1;2;7;115,1;2;8;42,1;2;9;23,1;2;10;3,
Paciente391
0;2;7;10,0;2;8;30,0;2;9;11,0;2;10;9,1;2;6;212,1;2;7;135,1;2;8;96,1;2;9;33,
Paciente392
0;2;6;3,0;2;7;64,0;2;8;60,0;2;9;24,1;0;9;1,1;2;6;65,1;2;7;251,1;2;8;86,1;2;9;79,1;2;10;7,1;3;9;12,1;3;10;2,
Paciente393
0;2;5;4,0;2;6;84,0;2;7;35,0;2;8;32,0;2;9;22,0;2;10;5,1;2;5;5,1;2;6;116,1;2;7;75,1;2;8;52,1;2;9;18,
Paciente394
0;2;5;4,0;2;6;84,0;2;7;35,0;2;8;32,0;2;9;22,0;2;10;5,1;2;5;5,1;2;6;116,1;2;7;75,1;2;8;52,1;2;9;18,
Paciente395
1;0;5;38,1;0;6;31,1;0;7;56,1;0;8;7,1;0;9;14,1;0;10;8,1;2;5;25,1;2;6;144,1;2;7;67,1;2;8;25,1;2;9;9,
Paciente396
0;0;7;1,0;0;8;2,0;0;9;1,0;2;6;1,0;2;7;16,0;2;8;14,0;2;9;2,1;0;6;25,1;0;7;19,1;0;8;15,1;2;5;40,1;2;6;118,1;2;7;42,1;2;8;23,1;2;9;12,1;2;10;2,
Paciente397
0;2;6;7,0;2;7;96,0;2;8;56,0;2;9;19,1;2;6;104,1;2;7;131,1;2;8;46,1;2;9;50,1;2;10;4,
Paciente398
0;0;6;6,0;0;7;19,0;0;8;13,0;2;5;11,0;2;6;67,0;2;7;30,0;2;8;9,0;2;9;19,0;2;10;2,1;0;6;27,1;0;7;15,1;0;8;14,1;2;5;34,1;2;6;53,1;2;7;50,1;2;8;20,1;2;9;11,
Paciente399
0;0;9;3,0;0;10;4,0;2;6;19,0;2;7;41,0;2;8;6,0;2;9;11,1;0;6;14,1;0;7;31,1;0;8;18,1;0;9;8,1;0;10;3,1;2;5;4,1;2;6;157,1;2;7;139,1;2;8;40,1;2;9;15,
Paciente400
0;0;7;6,0;0;8;16,0;0;9;23,0;2;6;38,0;2;7;106,0;2;8;38,0;2;9;18,1;0;6;10,1;0;7;10,1;0;8;7,1;0;9;27,1;0;10;3,1;2;6;103,1;2;7;62,1;2;8;31,1;2;9;34,1;2;10;1,
