id001,0,2,5,5,0,2,6,12,0,2,7,9,0,2,8,7,1,0,6,5,1,0,7,7,1,0,8,10,1,2,4,88,1,2,5,121,1,2,6,41,1,2,7,21,1,2,8,30,1,2,9,9,1,2,10,1,,,,,,,,,,,,,,,,,,,,,,,,,,,,,,,,,,,,,,,,,,,,,,,,,,,,,,,,
id002,0,0,6,10,0,0,7,11,0,0,8,3,0,2,4,34,0,2,5,94,0,2,6,46,0,2,7,22,0,2,8,32,0,2,9,2,0,2,10,2,,,,,,,,,,,,,,,,,,,,,,,,,,,,,,,,,,,,,,,,,,,,,,,,,,,,,,,,,,,,,,,,,,,,,,,,
id003,0,0,4,6,0,0,5,12,0,0,6,16,0,0,7,14,0,0,8,7,0,2,4,62,0,2,5,50,0,2,6,33,0,2,7,20,0,2,8,1,1,2,4,29,1,2,5,14,1,2,6,7,1,2,7,11,1,2,8,14,1,2,9,2,1,2,10,1,,,,,,,,,,,,,,,,,,,,,,,,,,,,,,,,,,,,,,,,,,,,
id004,0,2,6,6,0,2,7,6,0,2,8,12,1,2,4,8,1,2,5,63,1,2,6,54,1,2,7,34,1,2,8,26,1,2,9,20,1,2,10,2,,,,,,,,,,,,,,,,,,,,,,,,,,,,,,,,,,,,,,,,,,,,,,,,,,,,,,,,,,,,,,,,,,,,,,,,
id005,0,0,9,3,0,2,4,13,0,2,5,30,0,2,6,63,0,2,7,11,0,2,8,29,0,2,9,29,1,2,5,2,1,2,8,3,1,2,9,7,1,2,10,2,,,,,,,,,,,,,,,,,,,,,,,,,,,,,,,,,,,,,,,,,,,,,,,,,,,,,,,,,,,,,,,,,,,,
id006,0,0,6,2,0,0,7,6,0,2,4,18,0,2,5,9,0,2,6,13,0,2,7,7,0,3,6,3,1,0,4,6,1,0,5,1,1,0,6,11,1,0,7,9,1,1,7,2,1,2,3,55,1,2,4,54,1,2,5,25,1,2,6,23,1,2,7,4,1,2,8,10,1,2,9,2,1,2,10,2,1,3,5,4,1,3,6,1,1,3,7,3,,,,,,,,,,,,,,,,,,,,
id007,0,2,3,2,0,2,4,19,0,2,5,23,0,2,6,9,0,2,7,9,0,2,8,19,1,2,3,26,1,2,4,49,1,2,5,38,1,2,6,40,1,2,7,9,1,2,8,29,1,2,9,8,1,2,10,2,,,,,,,,,,,,,,,,,,,,,,,,,,,,,,,,,,,,,,,,,,,,,,,,,,,,,,,,
id008,0,0,7,4,0,0,8,2,0,0,9,4,0,2,5,6,0,2,6,12,0,2,7,9,0,2,8,7,0,2,9,4,1,0,4,2,1,0,5,16,1,0,6,17,1,0,7,5,1,0,8,14,1,2,4,16,1,2,5,87,1,2,6,38,1,2,7,21,1,2,8,28,1,2,9,7,1,2,10,2,,,,,,,,,,,,,,,,,,,,,,,,,,,,,,,,
id009,0,0,4,6,0,0,5,8,0,0,6,8,0,0,7,15,0,0,8,15,0,0,9,5,0,2,4,2,0,2,5,17,0,2,6,20,0,2,7,9,0,2,8,3,1,0,4,9,1,0,5,15,1,0,6,17,1,0,7,10,1,0,8,5,1,0,9,3,1,2,4,7,1,2,5,13,1,2,6,15,1,2,7,16,1,2,8,10,1,2,9,8,1,2,10,2,,,,,,,,,,,,,,,,
id010,1,2,5,20,1,2,6,72,1,2,7,60,1,2,8,29,1,2,9,15,1,2,10,2,,,,,,,,,,,,,,,,,,,,,,,,,,,,,,,,,,,,,,,,,,,,,,,,,,,,,,,,,,,,,,,,,,,,,,,,,,,,,,,,,,,,,,,,
id011,0,0,5,2,0,0,6,6,0,0,7,6,0,0,8,2,0,2,4,8,0,2,5,27,0,2,6,8,0,2,7,15,0,2,8,6,1,0,4,2,1,0,5,8,1,0,6,9,1,0,7,7,1,0,8,9,1,2,3,1,1,2,4,44,1,2,5,24,1,2,6,35,1,2,7,3,1,2,8,25,1,2,9,3,1,2,10,3,,,,,,,,,,,,,,,,,,,,,,,,
id012,0,0,5,5,0,0,6,11,0,0,7,14,0,2,3,13,0,2,4,73,0,2,5,39,0,2,6,28,0,2,7,23,1,2,3,16,1,2,4,13,1,2,5,10,1,2,6,13,1,2,7,14,1,2,9,8,1,2,10,2,,,,,,,,,,,,,,,,,,,,,,,,,,,,,,,,,,,,,,,,,,,,,,,,,,,,
id013,0,0,5,11,0,0,6,6,0,0,7,11,0,0,8,3,0,2,3,1,0,2,4,32,0,2,5,25,0,2,6,18,0,2,7,7,0,2,8,13,1,0,4,9,1,0,5,12,1,0,6,9,1,0,7,10,1,0,8,4,1,2,3,11,1,2,4,45,1,2,5,36,1,2,6,32,1,2,7,15,1,2,8,14,1,2,9,11,1,2,10,2,,,,,,,,,,,,,,,,,,,,
id014,0,2,5,14,0,2,6,20,0,2,7,4,0,2,8,13,1,2,4,59,1,2,5,89,1,2,6,34,1,2,7,27,1,2,8,35,1,2,9,13,1,2,10,1,,,,,,,,,,,,,,,,,,,,,,,,,,,,,,,,,,,,,,,,,,,,,,,,,,,,,,,,,,,,,,,,,,,,
id015,0,0,9,3,0,2,6,26,0,2,7,27,0,2,8,24,0,2,9,11,1,0,9,6,1,2,6,57,1,2,7,28,1,2,8,13,1,2,9,26,1,2,10,2,,,,,,,,,,,,,,,,,,,,,,,,,,,,,,,,,,,,,,,,,,,,,,,,,,,,,,,,,,,,,,,,,,,,
id016,0,0,5,1,0,0,6,3,0,0,7,2,0,0,8,7,0,2,5,11,0,2,6,11,0,2,8,9,1,0,4,10,1,0,5,8,1,0,6,13,1,0,8,13,1,2,3,3,1,2,4,58,1,2,5,27,1,2,6,27,1,2,7,18,1,2,8,13,1,2,9,5,1,2,10,1,,,,,,,,,,,,,,,,,,,,,,,,,,,,,,,,,,,,
id017,0,2,5,12,0,2,6,68,0,2,7,43,0,2,8,49,0,2,9,2,1,2,5,16,1,2,6,31,1,2,7,25,1,2,8,10,1,2,9,20,1,2,10,1,,,,,,,,,,,,,,,,,,,,,,,,,,,,,,,,,,,,,,,,,,,,,,,,,,,,,,,,,,,,,,,,,,,,
id018,0,0,5,10,0,0,6,11,0,0,7,9,0,0,8,13,0,2,4,20,0,2,5,44,0,2,6,13,0,2,7,9,0,2,8,13,0,2,9,2,1,0,4,2,1,0,5,2,1,2,4,16,1,2,5,14,1,2,6,15,1,2,7,11,1,2,8,7,1,2,9,9,1,2,10,1,,,,,,,,,,,,,,,,,,,,,,,,,,,,,,,,,,,,
id019,0,2,4,17,0,2,5,41,0,2,6,14,0,2,7,17,1,2,3,10,1,2,4,58,1,2,5,23,1,2,6,32,1,2,7,24,1,2,9,5,1,2,10,1,,,,,,,,,,,,,,,,,,,,,,,,,,,,,,,,,,,,,,,,,,,,,,,,,,,,,,,,,,,,,,,,,,,,
id020,0,0,5,12,0,0,6,27,0,0,7,13,0,0,8,11,0,2,4,19,0,2,5,60,0,2,6,37,0,2,7,10,0,2,8,24,1,0,5,3,1,2,4,2,1,2,5,22,1,2,6,11,1,2,7,4,1,2,8,14,1,2,10,3,,,,,,,,,,,,,,,,,,,,,,,,,,,,,,,,,,,,,,,,,,,,,,,,
id021,0,0,6,2,0,0,7,3,0,0,8,7,0,2,3,8,0,2,4,40,0,2,5,86,0,2,6,55,0,2,7,32,0,2,8,19,0,2,9,3,1,2,5,3,1,2,6,5,1,2,7,2,1,2,8,5,1,2,9,7,1,2,10,2,,,,,,,,,,,,,,,,,,,,,,,,,,,,,,,,,,,,,,,,,,,,,,,,
id022,0,0,7,8,0,0,8,10,0,0,9,1,0,2,4,28,0,2,5,76,0,2,6,37,0,2,7,24,0,2,8,22,0,2,9,10,1,2,4,29,1,2,5,16,1,2,6,16,1,2,7,4,1,2,8,19,1,2,9,11,1,2,10,3,,,,,,,,,,,,,,,,,,,,,,,,,,,,,,,,,,,,,,,,,,,,,,,,
id023,1,0,6,3,1,0,7,5,1,0,8,10,1,2,3,7,1,2,4,40,1,2,5,84,1,2,6,56,1,2,7,35,1,2,8,19,1,2,9,12,1,2,10,2,,,,,,,,,,,,,,,,,,,,,,,,,,,,,,,,,,,,,,,,,,,,,,,,,,,,,,,,,,,,,,,,,,,,
id024,0,0,8,3,0,2,5,26,0,2,6,15,0,2,7,21,0,2,8,20,1,0,8,6,1,2,3,4,1,2,4,38,1,2,5,88,1,2,6,38,1,2,7,34,1,2,8,24,1,2,9,12,1,2,10,2,,,,,,,,,,,,,,,,,,,,,,,,,,,,,,,,,,,,,,,,,,,,,,,,,,,,,,,,
id025,0,2,5,15,0,2,6,132,0,2,7,79,0,2,8,50,0,2,9,43,1,2,5,10,1,2,6,13,1,2,7,4,1,2,8,6,1,2,9,9,1,2,10,2,,,,,,,,,,,,,,,,,,,,,,,,,,,,,,,,,,,,,,,,,,,,,,,,,,,,,,,,,,,,,,,,,,,,
id026,0,2,5,10,0,2,6,56,0,2,7,5,0,2,8,23,0,2,9,15,0,2,10,2,1,2,5,19,1,2,6,77,1,2,7,43,1,2,8,33,1,2,9,20,,,,,,,,,,,,,,,,,,,,,,,,,,,,,,,,,,,,,,,,,,,,,,,,,,,,,,,,,,,,,,,,,,,,
id027,0,2,8,5,1,0,5,8,1,0,6,10,1,0,7,17,1,0,8,14,1,0,9,7,1,2,4,6,1,2,5,59,1,2,6,49,1,2,7,24,1,2,8,21,1,2,9,9,1,2,10,1,,,,,,,,,,,,,,,,,,,,,,,,,,,,,,,,,,,,,,,,,,,,,,,,,,,,,,,,,,,,
id028,0,0,7,2,0,0,8,3,0,0,9,3,0,2,6,11,0,2,7,15,0,2,8,2,0,2,9,14,1,0,6,15,1,0,7,20,1,0,8,13,1,0,9,13,1,0,10,3,1,2,5,10,1,2,6,73,1,2,7,25,1,2,8,19,1,2,9,9,1,2,10,4,,,,,,,,,,,,,,,,,,,,,,,,,,,,,,,,,,,,,,,,
id029,0,0,5,9,0,0,6,9,0,0,7,13,0,0,8,17,0,2,4,9,0,2,5,40,0,2,6,18,0,2,7,8,0,2,8,17,1,0,4,3,1,0,5,10,1,0,6,7,1,0,7,4,1,2,4,24,1,2,5,15,1,2,6,27,1,2,7,12,1,2,8,11,1,2,9,13,1,2,10,2,,,,,,,,,,,,,,,,,,,,,,,,,,,,,,,,
id030,0,0,4,2,0,0,5,18,0,0,6,25,0,0,7,26,0,0,8,10,0,2,4,13,0,2,5,23,0,2,6,14,0,2,7,5,0,2,8,6,1,0,5,42,1,0,6,20,1,2,4,6,1,2,5,10,1,2,6,11,1,2,7,16,1,2,8,13,1,2,9,1,1,2,10,2,,,,,,,,,,,,,,,,,,,,,,,,,,,,,,,,,,,,
id031,0,2,4,33,0,2,5,54,0,2,6,64,0,2,7,24,0,2,8,36,0,2,9,7,0,2,10,2,,,,,,,,,,,,,,,,,,,,,,,,,,,,,,,,,,,,,,,,,,,,,,,,,,,,,,,,,,,,,,,,,,,,,,,,,,,,,,,,,,,,
id032,0,2,4,36,0,2,5,69,0,2,6,53,0,2,7,37,0,2,8,14,0,2,9,6,0,2,10,1,,,,,,,,,,,,,,,,,,,,,,,,,,,,,,,,,,,,,,,,,,,,,,,,,,,,,,,,,,,,,,,,,,,,,,,,,,,,,,,,,,,,
id033,0,2,5,32,0,2,6,52,0,2,7,45,0,2,8,19,0,2,9,42,1,2,5,20,1,2,6,19,1,2,7,12,1,2,8,13,1,2,9,13,1,2,10,4,,,,,,,,,,,,,,,,,,,,,,,,,,,,,,,,,,,,,,,,,,,,,,,,,,,,,,,,,,,,,,,,,,,,
id034,0,0,5,8,0,0,6,24,0,0,7,13,0,0,8,24,0,0,9,6,0,2,4,18,0,2,5,102,0,2,6,69,0,2,7,26,0,2,8,33,1,2,5,4,1,2,6,9,1,2,7,9,1,2,8,6,1,2,9,12,1,2,10,3,,,,,,,,,,,,,,,,,,,,,,,,,,,,,,,,,,,,,,,,,,,,,,,,
id035,0,0,7,4,0,0,8,6,0,2,6,9,0,2,7,9,0,2,8,6,0,2,9,4,1,0,4,2,1,0,5,25,1,0,6,17,1,0,7,12,1,0,8,11,1,2,4,12,1,2,5,70,1,2,6,35,1,2,7,7,1,2,8,23,1,2,9,6,1,2,10,2,,,,,,,,,,,,,,,,,,,,,,,,,,,,,,,,,,,,,,,,
id036,0,0,6,3,0,0,7,5,0,0,8,1,0,2,5,22,0,2,6,14,0,2,7,5,0,2,8,9,1,0,5,10,1,0,6,11,1,0,7,5,1,0,8,10,1,2,4,55,1,2,5,44,1,2,6,32,1,2,7,6,1,2,8,18,1,2,9,6,1,2,10,1,,,,,,,,,,,,,,,,,,,,,,,,,,,,,,,,,,,,,,,,
id037,0,0,6,6,0,0,7,5,0,0,8,11,0,2,4,15,0,2,5,96,0,2,6,41,0,2,7,23,0,2,8,23,0,2,9,12,1,0,8,1,1,2,4,6,1,2,5,40,1,2,6,16,1,2,7,22,1,2,8,14,1,2,9,7,1,2,10,1,,,,,,,,,,,,,,,,,,,,,,,,,,,,,,,,,,,,,,,,,,,,
id038,0,0,6,6,0,0,7,6,0,0,8,2,0,0,9,11,0,2,6,22,0,2,7,18,0,2,8,5,0,2,9,8,1,0,5,7,1,0,6,23,1,0,7,7,1,0,8,14,1,0,9,13,1,2,5,14,1,2,6,49,1,2,7,19,1,2,8,16,1,2,9,12,1,2,10,4,,,,,,,,,,,,,,,,,,,,,,,,,,,,,,,,,,,,
id039,0,0,7,1,0,2,7,5,1,0,4,14,1,0,5,21,1,0,6,4,1,0,7,15,1,0,8,15,1,2,4,61,1,2,5,77,1,2,6,43,1,2,7,19,1,2,8,16,1,2,9,4,1,2,10,1,,,,,,,,,,,,,,,,,,,,,,,,,,,,,,,,,,,,,,,,,,,,,,,,,,,,,,,,
id040,0,2,5,3,0,2,6,76,0,2,7,41,0,2,8,39,0,2,9,25,0,2,10,1,,,,,,,,,,,,,,,,,,,,,,,,,,,,,,,,,,,,,,,,,,,,,,,,,,,,,,,,,,,,,,,,,,,,,,,,,,,,,,,,,,,,,,,,
id041,0,0,6,2,0,0,7,1,0,0,8,7,0,0,9,11,0,2,5,4,0,2,6,20,0,2,7,10,0,2,8,9,0,2,9,15,0,3,9,3,1,0,5,5,1,0,6,1,1,0,7,17,1,0,8,2,1,0,9,4,1,2,5,8,1,2,6,43,1,2,7,25,1,2,8,5,1,2,9,15,1,2,10,2,,,,,,,,,,,,,,,,,,,,,,,,,,,,
id042,1,2,4,44,1,2,5,87,1,2,6,51,1,2,7,35,1,2,8,30,1,2,9,6,1,2,10,2,,,,,,,,,,,,,,,,,,,,,,,,,,,,,,,,,,,,,,,,,,,,,,,,,,,,,,,,,,,,,,,,,,,,,,,,,,,,,,,,,,,,
id043,0,0,5,3,0,0,6,5,0,0,7,10,0,0,8,11,0,0,9,6,0,2,4,22,0,2,5,54,0,2,6,51,0,2,7,13,0,2,8,31,0,2,9,4,0,2,10,3,,,,,,,,,,,,,,,,,,,,,,,,,,,,,,,,,,,,,,,,,,,,,,,,,,,,,,,,,,,,,,,,
id044,0,2,7,5,0,2,9,12,1,0,7,7,1,0,8,2,1,0,9,10,1,2,5,15,1,2,6,45,1,2,7,44,1,2,8,37,1,2,9,28,1,2,10,3,,,,,,,,,,,,,,,,,,,,,,,,,,,,,,,,,,,,,,,,,,,,,,,,,,,,,,,,,,,,,,,,,,,,
id045,0,0,6,3,0,0,7,6,0,0,8,3,0,2,4,35,0,2,5,39,0,2,6,23,0,2,7,25,0,2,8,11,1,0,6,3,1,0,7,4,1,2,4,55,1,2,5,36,1,2,6,38,1,2,7,12,1,2,8,18,1,2,9,5,1,2,10,2,,,,,,,,,,,,,,,,,,,,,,,,,,,,,,,,,,,,,,,,,,,,
id046,0,0,8,2,0,2,5,4,0,2,6,37,0,2,7,28,0,2,8,22,1,0,7,9,1,0,8,8,1,2,4,7,1,2,5,107,1,2,6,78,1,2,7,43,1,2,8,31,1,2,9,7,1,2,10,3,,,,,,,,,,,,,,,,,,,,,,,,,,,,,,,,,,,,,,,,,,,,,,,,,,,,,,,,
id047,0,0,8,3,0,2,4,2,0,2,5,21,0,2,6,17,0,2,7,23,0,2,8,11,0,2,9,14,1,0,8,4,1,2,4,8,1,2,5,53,1,2,6,42,1,2,7,30,1,2,8,9,1,2,9,11,1,2,10,1,,,,,,,,,,,,,,,,,,,,,,,,,,,,,,,,,,,,,,,,,,,,,,,,,,,,
id048,0,0,9,6,0,2,5,8,0,2,6,45,0,2,7,21,0,2,8,27,0,2,9,9,0,2,10,1,1,0,9,4,1,2,6,38,1,2,7,20,1,2,8,14,1,2,9,7,,,,,,,,,,,,,,,,,,,,,,,,,,,,,,,,,,,,,,,,,,,,,,,,,,,,,,,,,,,,,,,,
id049,0,0,4,2,0,0,5,4,0,0,6,12,0,0,7,13,0,0,8,5,0,2,3,3,0,2,4,48,0,2,5,81,0,2,6,40,0,2,7,21,0,2,8,11,0,2,9,4,0,2,10,2,,,,,,,,,,,,,,,,,,,,,,,,,,,,,,,,,,,,,,,,,,,,,,,,,,,,,,,,,,,,
id050,0,0,8,1,0,2,4,6,0,2,5,12,0,2,6,13,0,2,7,19,0,2,8,5,0,2,9,16,1,0,8,7,1,2,4,21,1,2,5,74,1,2,6,44,1,2,7,32,1,2,8,22,1,2,9,10,1,2,10,4,,,,,,,,,,,,,,,,,,,,,,,,,,,,,,,,,,,,,,,,,,,,,,,,,,,,
id051,0,0,6,2,0,0,7,6,0,0,8,1,0,2,3,1,0,2,4,46,0,2,5,107,0,2,6,56,0,2,7,38,0,2,8,28,0,2,9,1,1,2,5,3,1,2,6,2,1,2,7,7,1,2,8,7,1,2,9,7,1,2,10,1,,,,,,,,,,,,,,,,,,,,,,,,,,,,,,,,,,,,,,,,,,,,,,,,
id052,0,0,8,1,0,2,5,1,0,2,6,16,0,2,7,9,0,2,8,7,1,0,6,4,1,0,7,10,1,0,8,1,1,2,4,42,1,2,5,87,1,2,6,42,1,2,7,21,1,2,8,8,1,2,9,3,1,2,10,2,,,,,,,,,,,,,,,,,,,,,,,,,,,,,,,,,,,,,,,,,,,,,,,,,,,,
id053,0,0,8,1,0,0,9,5,0,2,6,9,0,2,7,9,0,2,8,10,0,2,9,5,1,0,5,4,1,0,6,2,1,0,7,13,1,0,8,14,1,0,9,15,1,2,4,6,1,2,5,60,1,2,6,56,1,2,7,33,1,2,8,23,1,2,9,13,1,2,10,2,,,,,,,,,,,,,,,,,,,,,,,,,,,,,,,,,,,,,,,,
id054,0,2,7,13,0,2,8,5,1,0,6,5,1,0,7,5,1,0,8,6,1,0,9,10,1,0,10,3,1,2,4,1,1,2,5,47,1,2,6,93,1,2,7,41,1,2,8,19,1,2,9,18,,,,,,,,,,,,,,,,,,,,,,,,,,,,,,,,,,,,,,,,,,,,,,,,,,,,,,,,,,,,
id055,0,0,4,2,0,0,5,3,0,0,6,12,0,0,7,9,0,0,8,16,0,0,9,7,0,0,10,1,0,2,4,16,0,2,5,31,0,2,6,26,0,2,7,12,0,2,8,14,0,2,9,4,1,2,4,6,1,2,5,5,1,2,6,5,1,2,7,5,1,2,8,6,1,2,9,9,,,,,,,,,,,,,,,,,,,,,,,,,,,,,,,,,,,,
id056,0,0,6,4,0,0,8,8,0,1,8,4,0,1,9,1,0,2,4,2,0,2,5,32,0,2,6,22,0,2,8,9,0,3,4,2,0,3,5,6,0,3,6,1,0,3,7,9,0,3,8,4,0,3,9,9,1,0,6,2,1,1,7,3,1,2,4,12,1,2,5,12,1,2,6,29,1,2,7,6,1,2,8,13,1,2,9,6,1,2,10,3,1,3,4,5,1,3,5,2,1,3,6,5,1,3,7,3,1,3,8,1
id057,0,0,6,30,0,0,7,18,0,0,8,12,0,0,9,11,0,2,5,23,0,2,6,86,0,2,7,22,0,2,8,23,0,2,9,13,0,2,10,1,1,2,8,3,1,2,9,1,1,2,10,1,,,,,,,,,,,,,,,,,,,,,,,,,,,,,,,,,,,,,,,,,,,,,,,,,,,,,,,,,,,,
id058,0,0,6,2,0,0,7,7,0,2,4,18,0,2,5,23,0,2,6,14,0,2,7,19,0,2,8,11,1,0,5,6,1,0,6,8,1,0,7,6,1,2,4,71,1,2,5,80,1,2,6,35,1,2,7,8,1,2,8,15,1,2,9,2,1,2,10,2,,,,,,,,,,,,,,,,,,,,,,,,,,,,,,,,,,,,,,,,,,,,
id059,0,0,5,4,0,0,6,5,0,0,7,8,0,0,8,15,0,2,4,7,0,2,5,53,0,2,6,36,0,2,7,24,0,2,8,15,0,2,9,8,1,0,7,1,1,2,4,1,1,2,5,21,1,2,6,10,1,2,7,6,1,2,8,6,1,2,9,9,1,2,10,2,,,,,,,,,,,,,,,,,,,,,,,,,,,,,,,,,,,,,,,,
id060,0,2,5,66,0,2,6,32,0,2,7,35,0,2,8,24,1,2,4,29,1,2,5,74,1,2,6,22,1,2,7,37,1,2,8,34,1,2,9,14,1,2,10,2,,,,,,,,,,,,,,,,,,,,,,,,,,,,,,,,,,,,,,,,,,,,,,,,,,,,,,,,,,,,,,,,,,,,
id061,0,2,6,8,0,2,7,10,0,2,8,7,0,2,9,14,1,2,5,7,1,2,6,59,1,2,7,28,1,2,8,11,1,2,9,17,1,2,10,9,,,,,,,,,,,,,,,,,,,,,,,,,,,,,,,,,,,,,,,,,,,,,,,,,,,,,,,,,,,,,,,,,,,,,,,,
id062,0,0,6,2,0,0,7,9,0,0,8,4,0,2,4,33,0,2,5,113,0,2,6,60,0,2,7,30,0,2,8,40,1,2,4,3,1,2,5,7,1,2,6,2,1,2,7,7,1,2,8,9,1,2,9,4,1,2,10,2,,,,,,,,,,,,,,,,,,,,,,,,,,,,,,,,,,,,,,,,,,,,,,,,,,,,
id063,1,0,6,12,1,0,7,16,1,0,8,3,1,2,1,3,1,2,2,8,1,2,3,8,1,2,4,13,1,2,5,30,1,2,6,45,1,2,7,40,1,2,8,21,1,2,9,28,1,2,10,2,,,,,,,,,,,,,,,,,,,,,,,,,,,,,,,,,,,,,,,,,,,,,,,,,,,,,,,,,,,,
id064,0,0,8,6,0,2,5,49,0,2,6,31,0,2,7,20,0,2,8,25,0,3,8,4,1,0,7,2,1,0,8,5,1,2,4,3,1,2,5,69,1,2,6,29,1,2,7,23,1,2,8,15,1,2,9,7,1,2,10,2,1,3,9,2,,,,,,,,,,,,,,,,,,,,,,,,,,,,,,,,,,,,,,,,,,,,,,,,
id065,0,0,5,15,0,0,6,26,0,0,7,18,0,0,8,3,0,2,4,16,0,2,5,75,0,2,6,40,0,2,7,21,0,2,8,22,1,0,5,8,1,0,6,5,1,2,4,10,1,2,5,46,1,2,6,16,1,2,7,5,1,2,8,16,1,2,10,5,,,,,,,,,,,,,,,,,,,,,,,,,,,,,,,,,,,,,,,,,,,,
id066,0,0,4,4,0,0,5,6,0,0,6,9,0,0,7,16,0,0,8,16,0,0,9,2,0,2,4,48,0,2,5,40,0,2,6,22,0,2,7,25,0,2,8,8,1,0,5,1,1,2,4,20,1,2,5,21,1,2,6,5,1,2,7,11,1,2,8,7,1,2,9,12,1,2,10,1,,,,,,,,,,,,,,,,,,,,,,,,,,,,,,,,,,,,
id067,0,0,5,3,0,0,6,8,0,0,7,9,0,0,8,4,0,2,4,10,0,2,5,38,0,2,6,25,0,2,7,7,0,2,8,16,1,0,4,3,1,0,5,15,1,0,6,12,1,0,7,6,1,0,8,5,1,2,4,65,1,2,5,44,1,2,6,28,1,2,7,14,1,2,8,9,1,2,9,9,1,2,10,1,,,,,,,,,,,,,,,,,,,,,,,,,,,,
id068,0,0,6,15,0,0,7,8,0,0,8,13,0,1,8,1,0,1,9,1,0,2,5,100,0,2,6,48,0,2,7,19,0,2,8,23,0,3,7,10,0,3,8,7,0,3,9,4,1,2,5,7,1,2,6,9,1,2,8,10,1,2,9,7,1,2,10,3,,,,,,,,,,,,,,,,,,,,,,,,,,,,,,,,,,,,,,,,,,,,
id069,0,2,6,5,0,2,7,1,0,2,8,11,1,0,5,1,1,0,6,5,1,0,7,9,1,0,8,18,1,2,4,37,1,2,5,49,1,2,6,41,1,2,7,23,1,2,8,9,1,2,9,3,1,2,10,1,,,,,,,,,,,,,,,,,,,,,,,,,,,,,,,,,,,,,,,,,,,,,,,,,,,,,,,,
id070,0,2,3,22,0,2,4,62,0,2,5,43,0,2,6,40,0,2,7,23,0,2,8,21,1,2,6,5,1,2,7,2,1,2,8,5,1,2,9,6,1,2,10,1,,,,,,,,,,,,,,,,,,,,,,,,,,,,,,,,,,,,,,,,,,,,,,,,,,,,,,,,,,,,,,,,,,,,
id071,0,0,5,1,0,0,6,6,0,0,7,9,0,2,4,6,0,2,5,12,0,2,6,6,0,2,7,8,1,0,4,22,1,0,5,13,1,0,6,3,1,0,7,10,1,2,4,59,1,2,5,28,1,2,6,22,1,2,8,7,1,2,10,3,,,,,,,,,,,,,,,,,,,,,,,,,,,,,,,,,,,,,,,,,,,,,,,,
id072,0,0,6,2,0,0,7,2,0,0,8,1,0,2,5,21,0,2,6,19,0,2,7,23,0,2,8,5,1,0,6,8,1,0,7,6,1,0,8,5,1,0,9,3,1,2,4,30,1,2,5,61,1,2,6,33,1,2,7,8,1,2,8,22,1,2,9,8,1,2,10,3,,,,,,,,,,,,,,,,,,,,,,,,,,,,,,,,,,,,,,,,
id073,0,0,5,6,0,0,6,15,0,0,7,15,0,0,8,20,0,2,5,52,0,2,6,44,0,2,7,18,0,2,8,20,0,2,9,7,0,3,8,3,1,0,5,1,1,2,5,8,1,2,6,17,1,2,7,3,1,2,8,8,1,2,9,8,1,2,10,1,,,,,,,,,,,,,,,,,,,,,,,,,,,,,,,,,,,,,,,,,,,,
id074,0,0,6,5,0,0,7,4,0,0,8,9,0,2,5,5,0,2,6,6,0,2,7,1,0,2,8,6,1,0,4,4,1,0,5,39,1,0,6,27,1,0,7,6,1,0,8,6,1,2,4,15,1,2,5,27,1,2,6,14,1,2,7,14,1,2,9,7,1,2,10,3,,,,,,,,,,,,,,,,,,,,,,,,,,,,,,,,,,,,,,,,
id075,0,0,4,2,0,0,5,15,0,0,6,14,0,0,7,20,0,0,8,2,0,2,4,1,0,2,5,1,1,0,3,8,1,0,4,49,1,0,5,39,1,0,6,26,1,0,7,2,1,2,3,6,1,2,4,18,1,2,5,14,1,2,6,6,1,2,7,11,1,2,8,6,1,2,9,7,1,2,10,1,,,,,,,,,,,,,,,,,,,,,,,,,,,,,,,,
id076,0,2,7,2,0,2,8,6,1,2,4,37,1,2,5,96,1,2,6,62,1,2,7,40,1,2,8,36,1,2,9,6,1,2,10,3,,,,,,,,,,,,,,,,,,,,,,,,,,,,,,,,,,,,,,,,,,,,,,,,,,,,,,,,,,,,,,,,,,,,,,,,,,,,
id077,0,0,6,3,0,0,7,4,0,0,8,7,0,2,4,24,0,2,5,65,0,2,6,55,0,2,7,17,0,2,8,32,0,2,9,4,0,2,10,2,,,,,,,,,,,,,,,,,,,,,,,,,,,,,,,,,,,,,,,,,,,,,,,,,,,,,,,,,,,,,,,,,,,,,,,,
id078,0,0,8,2,0,0,9,4,0,2,6,8,0,2,7,9,0,2,8,13,0,2,9,8,1,0,6,5,1,0,8,10,1,0,9,11,1,2,5,8,1,2,6,71,1,2,7,30,1,2,8,20,1,2,9,10,1,2,10,2,,,,,,,,,,,,,,,,,,,,,,,,,,,,,,,,,,,,,,,,,,,,,,,,,,,,
id079,0,0,4,46,0,0,5,28,0,0,6,32,0,0,7,27,0,0,8,2,0,2,3,10,0,2,4,50,0,2,5,37,0,2,6,24,0,2,7,3,1,0,4,15,1,0,5,4,1,2,4,8,1,2,5,10,1,2,6,13,1,2,7,11,1,2,8,13,1,2,9,3,1,2,10,1,,,,,,,,,,,,,,,,,,,,,,,,,,,,,,,,,,,,
id080,1,0,5,8,1,0,6,10,1,0,7,14,1,0,8,14,1,2,4,64,1,2,5,101,1,2,6,58,1,2,7,41,1,2,8,27,1,2,9,8,1,2,10,2,,,,,,,,,,,,,,,,,,,,,,,,,,,,,,,,,,,,,,,,,,,,,,,,,,,,,,,,,,,,,,,,,,,,
id081,0,2,4,6,0,2,5,95,0,2,6,83,0,2,7,50,0,2,8,51,1,2,5,39,1,2,6,31,1,2,7,16,1,2,8,17,1,2,9,6,1,2,10,1,,,,,,,,,,,,,,,,,,,,,,,,,,,,,,,,,,,,,,,,,,,,,,,,,,,,,,,,,,,,,,,,,,,,
id082,0,2,5,12,0,2,6,19,0,2,7,16,0,2,8,18,1,0,7,3,1,0,8,2,1,2,4,73,1,2,5,92,1,2,6,63,1,2,7,23,1,2,8,22,1,2,9,4,1,2,10,2,,,,,,,,,,,,,,,,,,,,,,,,,,,,,,,,,,,,,,,,,,,,,,,,,,,,,,,,,,,,
id083,0,0,8,8,0,2,4,3,0,2,5,88,0,2,6,73,0,2,7,30,0,2,8,46,1,2,5,10,1,2,6,11,1,2,8,5,1,2,9,3,1,2,10,2,,,,,,,,,,,,,,,,,,,,,,,,,,,,,,,,,,,,,,,,,,,,,,,,,,,,,,,,,,,,,,,,,,,,
id084,0,0,6,4,0,0,7,5,0,2,5,16,0,2,6,15,0,2,7,10,0,2,8,2,1,0,4,3,1,0,5,19,1,0,6,19,1,0,7,15,1,0,8,8,1,2,4,47,1,2,5,75,1,2,6,37,1,2,7,13,1,2,8,22,1,2,9,5,1,2,10,2,,,,,,,,,,,,,,,,,,,,,,,,,,,,,,,,,,,,,,,,
id085,0,0,7,3,0,0,8,1,0,2,5,22,0,2,6,20,0,2,7,14,0,2,8,19,1,0,6,17,1,0,7,11,1,0,8,6,1,2,4,9,1,2,5,130,1,2,6,56,1,2,7,30,1,2,8,23,1,2,10,4,,,,,,,,,,,,,,,,,,,,,,,,,,,,,,,,,,,,,,,,,,,,,,,,,,,,
id086,0,0,5,13,0,0,6,15,0,0,7,16,0,0,8,5,0,2,3,8,0,2,4,58,0,2,5,57,0,2,6,30,0,2,7,19,0,2,8,5,1,0,5,2,1,0,6,1,1,2,3,3,1,2,4,42,1,2,5,22,1,2,6,12,1,2,7,12,1,2,8,15,1,2,9,8,1,2,10,2,,,,,,,,,,,,,,,,,,,,,,,,,,,,,,,,
id087,0,0,5,2,0,0,6,18,0,0,7,17,0,0,8,6,0,2,4,19,0,2,5,62,0,2,6,30,0,2,7,18,0,2,8,22,1,0,5,4,1,0,6,5,1,2,4,4,1,2,5,64,1,2,6,18,1,2,7,14,1,2,8,17,1,2,9,4,1,2,10,2,,,,,,,,,,,,,,,,,,,,,,,,,,,,,,,,,,,,,,,,
id088,0,0,6,1,0,0,7,4,0,0,8,1,0,2,5,19,0,2,6,15,0,2,7,17,1,0,5,8,1,0,6,13,1,0,7,12,1,0,8,4,1,2,3,4,1,2,4,79,1,2,5,55,1,2,6,45,1,2,7,18,1,2,8,11,1,2,9,8,1,2,10,3,,,,,,,,,,,,,,,,,,,,,,,,,,,,,,,,,,,,,,,,
id089,0,0,8,2,0,0,9,1,0,2,8,7,0,2,9,8,1,0,4,1,1,0,5,18,1,0,6,22,1,0,7,16,1,0,8,8,1,2,4,38,1,2,5,77,1,2,6,67,1,2,7,29,1,2,8,18,1,2,9,11,1,2,10,2,,,,,,,,,,,,,,,,,,,,,,,,,,,,,,,,,,,,,,,,,,,,,,,,
id090,0,0,6,2,0,0,7,4,0,0,8,8,0,2,4,1,0,2,5,34,0,2,6,26,0,2,7,21,0,2,8,8,1,0,5,8,1,0,6,19,1,0,7,9,1,0,8,5,1,2,4,91,1,2,5,80,1,2,6,41,1,2,7,19,1,2,8,16,1,2,9,7,1,2,10,2,,,,,,,,,,,,,,,,,,,,,,,,,,,,,,,,,,,,
id091,0,2,4,17,0,2,5,31,0,2,6,24,0,2,7,12,0,2,8,23,1,2,4,58,1,2,5,46,1,2,6,37,1,2,7,22,1,2,8,19,1,2,9,4,1,2,10,2,,,,,,,,,,,,,,,,,,,,,,,,,,,,,,,,,,,,,,,,,,,,,,,,,,,,,,,,,,,,,,,,
id092,0,0,4,1,0,0,5,4,0,0,6,8,0,0,7,11,0,2,4,16,0,2,5,22,0,2,6,19,0,2,7,13,0,2,8,3,1,0,4,15,1,0,5,11,1,0,6,8,1,0,7,5,1,0,8,7,1,2,3,3,1,2,4,58,1,2,5,35,1,2,6,27,1,2,8,16,1,2,9,8,1,2,10,3,,,,,,,,,,,,,,,,,,,,,,,,,,,,
id093,1,0,4,6,1,0,5,11,1,0,6,9,1,0,7,16,1,2,3,12,1,2,4,54,1,2,5,38,1,2,6,24,1,2,7,4,1,2,8,4,1,2,9,1,1,2,10,2,,,,,,,,,,,,,,,,,,,,,,,,,,,,,,,,,,,,,,,,,,,,,,,,,,,,,,,,,,,,,,,,
id094,0,2,4,33,0,2,5,49,0,2,6,25,0,2,7,21,1,2,3,3,1,2,4,61,1,2,5,24,1,2,6,56,1,2,7,24,1,2,8,4,1,2,10,3,,,,,,,,,,,,,,,,,,,,,,,,,,,,,,,,,,,,,,,,,,,,,,,,,,,,,,,,,,,,,,,,,,,,
id095,0,0,6,4,0,0,7,13,0,0,8,4,0,2,3,3,0,2,4,51,0,2,5,49,0,2,6,6,0,2,7,20,0,2,8,9,1,0,6,2,1,0,7,1,1,2,3,4,1,2,4,38,1,2,5,32,1,2,6,24,1,2,7,19,1,2,8,9,1,2,9,6,1,2,10,1,,,,,,,,,,,,,,,,,,,,,,,,,,,,,,,,,,,,
id096,0,0,5,6,0,0,6,9,0,0,7,13,0,0,8,15,0,2,4,6,0,2,5,61,0,2,6,26,0,2,7,17,0,2,8,22,1,0,5,13,1,0,6,7,1,0,7,6,1,0,8,3,1,2,4,30,1,2,5,30,1,2,6,43,1,2,7,27,1,2,8,20,1,2,9,12,1,2,10,3,,,,,,,,,,,,,,,,,,,,,,,,,,,,,,,,
id097,0,2,5,9,0,2,6,8,0,2,7,19,0,2,8,7,1,0,8,7,1,0,9,2,1,2,3,6,1,2,4,65,1,2,5,78,1,2,6,43,1,2,7,28,1,2,8,23,1,2,9,20,1,2,10,2,,,,,,,,,,,,,,,,,,,,,,,,,,,,,,,,,,,,,,,,,,,,,,,,,,,,,,,,
id098,0,0,6,1,0,0,7,5,0,2,4,5,0,2,5,8,0,2,6,14,0,2,7,9,0,2,8,3,1,0,5,6,1,0,6,20,1,0,7,3,1,0,8,12,1,2,3,2,1,2,4,65,1,2,5,77,1,2,6,26,1,2,7,19,1,2,8,18,1,2,9,3,1,2,10,3,,,,,,,,,,,,,,,,,,,,,,,,,,,,,,,,,,,,
id099,0,0,6,2,0,0,7,7,0,0,8,10,0,2,5,13,0,2,6,65,0,2,7,17,0,2,8,6,0,2,9,1,1,0,5,1,1,0,6,2,1,0,7,5,1,0,9,6,1,0,10,2,1,2,4,8,1,2,5,24,1,2,6,25,1,2,7,20,1,2,8,4,1,2,9,14,1,2,10,1,,,,,,,,,,,,,,,,,,,,,,,,,,,,,,,,
id100,0,0,6,9,0,0,7,13,0,0,8,15,0,2,5,93,0,2,6,55,0,2,7,19,0,2,8,33,0,2,9,1,0,2,10,2,1,2,6,1,,,,,,,,,,,,,,,,,,,,,,,,,,,,,,,,,,,,,,,,,,,,,,,,,,,,,,,,,,,,,,,,,,,,,,,,
id101,0,0,6,6,0,0,7,9,0,0,8,4,0,2,4,37,0,2,5,28,0,2,6,13,0,2,7,20,1,0,5,3,1,0,6,5,1,0,8,2,1,2,3,10,1,2,4,44,1,2,5,17,1,2,6,21,1,2,7,13,1,2,8,3,1,2,9,7,1,2,10,2,,,,,,,,,,,,,,,,,,,,,,,,,,,,,,,,,,,,,,,,
id102,1,0,6,1,1,0,7,2,1,0,8,5,1,0,9,8,1,2,2,4,1,2,3,14,1,2,4,25,1,2,5,56,1,2,6,53,1,2,7,38,1,2,8,14,1,2,9,4,1,2,10,1,,,,,,,,,,,,,,,,,,,,,,,,,,,,,,,,,,,,,,,,,,,,,,,,,,,,,,,,,,,,
id103,0,2,3,2,0,2,4,11,0,2,5,8,0,2,6,22,0,2,7,9,1,2,2,22,1,2,3,42,1,2,4,37,1,2,5,39,1,2,6,12,1,2,7,3,1,2,8,3,1,2,9,3,1,2,10,2,,,,,,,,,,,,,,,,,,,,,,,,,,,,,,,,,,,,,,,,,,,,,,,,,,,,,,,,
id104,0,0,4,1,0,0,5,24,0,0,6,12,0,0,7,18,0,0,8,8,0,0,9,10,0,2,4,8,0,2,5,5,0,2,6,4,0,2,9,4,1,0,4,4,1,0,5,19,1,0,6,48,1,0,7,10,1,0,8,8,1,2,4,6,1,2,5,4,1,2,6,11,1,2,7,5,1,2,8,6,1,2,9,7,1,2,10,2,,,,,,,,,,,,,,,,,,,,,,,,
id105,0,0,6,2,0,0,7,6,0,2,3,8,0,2,4,14,0,2,5,21,0,2,6,17,0,2,7,16,0,2,8,8,1,0,6,7,1,0,7,10,1,2,3,26,1,2,4,37,1,2,5,12,1,2,6,37,1,2,7,14,1,2,8,11,1,2,9,6,1,2,10,2,,,,,,,,,,,,,,,,,,,,,,,,,,,,,,,,,,,,,,,,
id106,1,0,7,3,1,0,8,3,1,0,9,7,1,0,10,1,1,2,3,19,1,2,4,33,1,2,5,62,1,2,6,59,1,2,7,36,1,2,8,15,1,2,9,17,1,2,10,1,,,,,,,,,,,,,,,,,,,,,,,,,,,,,,,,,,,,,,,,,,,,,,,,,,,,,,,,,,,,,,,,
id107,0,0,6,1,0,0,8,6,0,2,3,3,0,2,4,20,0,2,5,5,0,2,6,6,0,2,7,9,0,2,8,3,1,0,6,7,1,0,8,8,1,2,2,13,1,2,3,42,1,2,4,40,1,2,5,15,1,2,6,21,1,2,7,17,1,2,8,9,1,2,9,8,1,2,10,1,,,,,,,,,,,,,,,,,,,,,,,,,,,,,,,,,,,,
id108,0,0,6,3,0,0,7,1,0,0,8,8,0,0,9,7,0,0,10,2,0,2,4,8,0,2,5,14,0,2,6,24,0,2,7,14,0,2,8,2,1,0,5,2,1,0,6,5,1,0,7,10,1,0,8,3,1,0,9,8,1,0,10,1,1,2,3,7,1,2,4,2,1,2,5,22,1,2,6,14,1,2,7,19,1,2,8,4,1,2,9,11,,,,,,,,,,,,,,,,,,,,
id109,0,0,9,3,0,2,3,1,0,2,4,28,0,2,5,29,0,2,6,34,0,2,7,15,0,2,8,19,0,2,9,6,1,0,9,1,1,2,3,6,1,2,4,24,1,2,5,16,1,2,6,15,1,2,7,18,1,2,8,21,1,2,9,12,1,2,10,2,,,,,,,,,,,,,,,,,,,,,,,,,,,,,,,,,,,,,,,,,,,,
id110,0,0,9,7,0,2,4,2,0,2,5,27,0,2,6,39,0,2,7,25,0,2,8,6,0,2,9,20,1,0,9,5,1,2,4,9,1,2,5,18,1,2,6,5,1,2,7,15,1,2,8,10,1,2,9,15,1,2,10,4,,,,,,,,,,,,,,,,,,,,,,,,,,,,,,,,,,,,,,,,,,,,,,,,,,,,
id111,1,0,4,1,1,0,5,9,1,0,6,6,1,0,7,2,1,0,8,4,1,2,2,9,1,2,3,19,1,2,4,20,1,2,5,15,1,2,6,6,1,2,7,12,1,2,8,7,1,2,9,3,1,2,10,3,,,,,,,,,,,,,,,,,,,,,,,,,,,,,,,,,,,,,,,,,,,,,,,,,,,,,,,,
id112,0,0,6,3,0,0,8,7,0,2,4,21,0,2,5,10,0,2,6,6,0,2,7,12,0,2,8,1,1,0,4,1,1,0,5,6,1,0,6,10,1,0,7,6,1,0,8,5,1,2,2,6,1,2,3,24,1,2,4,38,1,2,5,30,1,2,6,18,1,2,7,16,1,2,8,2,1,2,9,13,1,2,10,2,,,,,,,,,,,,,,,,,,,,,,,,,,,,
id113,1,2,2,10,1,2,3,17,1,2,4,30,1,2,5,41,1,2,6,9,1,2,7,35,1,2,8,24,1,2,9,12,1,2,10,1,,,,,,,,,,,,,,,,,,,,,,,,,,,,,,,,,,,,,,,,,,,,,,,,,,,,,,,,,,,,,,,,,,,,,,,,,,,,
id114,1,2,0,1,1,2,1,3,1,2,2,3,1,2,3,15,1,2,4,20,1,2,5,7,1,2,6,13,1,2,7,6,1,2,8,9,1,2,9,12,1,2,10,2,,,,,,,,,,,,,,,,,,,,,,,,,,,,,,,,,,,,,,,,,,,,,,,,,,,,,,,,,,,,,,,,,,,,
id115,0,0,5,3,0,0,6,3,0,0,7,8,0,0,8,7,0,2,2,7,0,2,3,15,0,2,4,28,0,2,5,33,0,2,6,25,0,2,7,16,0,2,8,5,0,2,9,7,0,2,10,2,,,,,,,,,,,,,,,,,,,,,,,,,,,,,,,,,,,,,,,,,,,,,,,,,,,,,,,,,,,,
id116,0,0,2,1,0,0,3,1,0,0,4,18,0,0,5,19,0,0,6,15,0,0,7,20,0,0,8,6,0,2,3,4,0,2,4,3,0,2,5,14,0,2,6,1,1,0,2,2,1,0,3,7,1,0,4,12,1,0,5,4,1,0,6,13,1,0,8,9,1,0,9,2,1,2,3,1,1,2,4,1,1,2,5,3,1,2,6,4,1,2,7,6,1,2,8,8,1,2,9,5,1,2,10,1,,,,,,,,
id117,1,2,2,5,1,2,3,35,1,2,4,32,1,2,5,33,1,2,6,32,1,2,7,22,1,2,8,21,1,2,9,17,1,2,10,1,,,,,,,,,,,,,,,,,,,,,,,,,,,,,,,,,,,,,,,,,,,,,,,,,,,,,,,,,,,,,,,,,,,,,,,,,,,,
id118,0,2,5,23,0,2,6,51,0,2,7,20,0,2,8,15,0,2,9,20,1,2,5,32,1,2,6,44,1,2,7,28,1,2,8,18,1,2,9,13,1,2,10,2,,,,,,,,,,,,,,,,,,,,,,,,,,,,,,,,,,,,,,,,,,,,,,,,,,,,,,,,,,,,,,,,,,,,
id119,0,0,7,2,0,0,8,10,0,2,3,5,0,2,4,36,0,2,5,62,0,2,6,45,0,2,7,41,0,2,8,19,0,2,9,7,1,2,7,2,1,2,8,2,1,2,9,2,1,2,10,2,,,,,,,,,,,,,,,,,,,,,,,,,,,,,,,,,,,,,,,,,,,,,,,,,,,,,,,,,,,,
id120,1,0,6,6,1,0,7,13,1,0,8,16,1,0,9,3,1,2,4,17,1,2,5,92,1,2,6,49,1,2,7,41,1,2,8,21,1,2,9,8,1,2,10,2,,,,,,,,,,,,,,,,,,,,,,,,,,,,,,,,,,,,,,,,,,,,,,,,,,,,,,,,,,,,,,,,,,,,
id121,1,0,5,19,1,0,6,17,1,0,7,3,1,0,8,16,1,1,7,1,1,2,4,25,1,2,5,107,1,2,6,45,1,2,7,25,1,2,8,6,1,2,9,7,1,2,10,1,1,3,7,6,,,,,,,,,,,,,,,,,,,,,,,,,,,,,,,,,,,,,,,,,,,,,,,,,,,,,,,,,,,,
id122,1,0,3,7,1,0,4,12,1,0,5,13,1,0,6,17,1,0,7,3,1,0,8,3,1,0,9,9,1,0,10,2,1,2,3,18,1,2,4,41,1,2,5,51,1,2,6,26,1,2,7,6,1,2,8,12,,,,,,,,,,,,,,,,,,,,,,,,,,,,,,,,,,,,,,,,,,,,,,,,,,,,,,,,
id123,0,0,5,4,0,0,6,8,0,0,7,8,0,0,8,3,0,2,4,6,0,2,5,24,0,2,6,14,0,2,7,1,1,0,5,10,1,0,6,12,1,0,7,14,1,2,4,28,1,2,5,19,1,2,6,7,1,2,7,12,1,2,9,6,1,2,10,1,,,,,,,,,,,,,,,,,,,,,,,,,,,,,,,,,,,,,,,,,,,,
id124,0,0,5,4,0,0,6,8,0,0,7,9,0,2,3,7,0,2,4,23,0,2,5,22,0,2,6,21,0,2,7,6,1,0,4,2,1,0,5,7,1,0,6,2,1,0,7,9,1,2,3,11,1,2,4,31,1,2,5,20,1,2,6,19,1,2,7,13,1,2,8,12,1,2,9,3,1,2,10,1,,,,,,,,,,,,,,,,,,,,,,,,,,,,,,,,
id125,0,2,4,2,0,2,5,8,0,2,6,31,0,2,7,22,0,2,8,17,0,2,9,10,0,2,10,3,1,0,9,2,1,2,4,26,1,2,5,30,1,2,6,48,1,2,7,37,1,2,8,38,1,2,9,14,,,,,,,,,,,,,,,,,,,,,,,,,,,,,,,,,,,,,,,,,,,,,,,,,,,,,,,,
id126,0,0,8,2,0,2,6,6,0,2,7,10,0,2,8,12,1,0,7,12,1,0,8,1,1,0,9,14,1,0,10,1,1,2,4,15,1,2,5,27,1,2,6,51,1,2,7,13,1,2,8,14,1,2,9,12,1,2,10,3,,,,,,,,,,,,,,,,,,,,,,,,,,,,,,,,,,,,,,,,,,,,,,,,,,,,
id127,0,2,5,7,0,2,6,2,0,2,7,6,0,2,8,4,1,2,3,31,1,2,4,68,1,2,5,79,1,2,6,44,1,2,7,34,1,2,8,31,1,2,9,8,1,2,10,3,,,,,,,,,,,,,,,,,,,,,,,,,,,,,,,,,,,,,,,,,,,,,,,,,,,,,,,,,,,,,,,,
id128,1,0,7,9,1,0,8,8,1,0,9,8,1,2,4,9,1,2,5,55,1,2,6,42,1,2,7,17,1,2,8,19,1,2,9,6,1,2,10,3,,,,,,,,,,,,,,,,,,,,,,,,,,,,,,,,,,,,,,,,,,,,,,,,,,,,,,,,,,,,,,,,,,,,,,,,
id129,1,0,6,7,1,2,2,3,1,2,3,32,1,2,4,41,1,2,5,30,1,2,6,20,1,2,7,16,1,2,8,4,1,2,9,3,1,2,10,1,,,,,,,,,,,,,,,,,,,,,,,,,,,,,,,,,,,,,,,,,,,,,,,,,,,,,,,,,,,,,,,,,,,,,,,,
id130,0,2,4,51,0,2,5,67,0,2,6,50,0,2,7,33,0,2,8,29,1,2,4,3,1,2,5,7,1,2,6,1,1,2,7,7,1,2,8,9,1,2,9,4,1,2,10,2,,,,,,,,,,,,,,,,,,,,,,,,,,,,,,,,,,,,,,,,,,,,,,,,,,,,,,,,,,,,,,,,
id131,0,0,6,7,0,0,7,2,0,0,8,12,0,0,9,2,0,2,3,13,0,2,4,45,0,2,5,64,0,2,6,49,0,2,7,25,0,2,8,36,0,2,9,9,1,2,7,6,1,2,8,2,1,2,9,8,1,2,10,1,,,,,,,,,,,,,,,,,,,,,,,,,,,,,,,,,,,,,,,,,,,,,,,,,,,,
id132,0,2,4,3,0,2,5,12,0,2,6,20,0,2,7,7,0,2,8,5,1,2,3,6,1,2,4,27,1,2,5,43,1,2,6,46,1,2,7,33,1,2,8,21,1,2,9,6,1,2,10,1,,,,,,,,,,,,,,,,,,,,,,,,,,,,,,,,,,,,,,,,,,,,,,,,,,,,,,,,,,,,
id133,1,0,9,4,1,2,4,13,1,2,5,55,1,2,6,63,1,2,7,39,1,2,8,25,1,2,9,23,1,2,10,2,,,,,,,,,,,,,,,,,,,,,,,,,,,,,,,,,,,,,,,,,,,,,,,,,,,,,,,,,,,,,,,,,,,,,,,,,,,,,,,,
id134,0,0,4,1,0,0,5,5,0,0,6,6,0,0,7,3,0,0,8,4,0,0,9,8,0,2,4,8,0,2,5,15,0,2,6,17,0,2,7,13,0,2,8,6,1,0,4,3,1,0,5,7,1,0,6,7,1,0,7,9,1,0,8,8,1,0,9,9,1,2,2,5,1,2,3,17,1,2,4,16,1,2,5,23,1,2,6,22,1,2,7,12,1,2,8,22,1,2,9,13,1,2,10,5,,,,,,,,
id135,0,0,4,1,0,0,5,5,0,0,6,6,0,0,7,3,0,0,8,4,0,0,9,8,0,2,4,8,0,2,5,15,0,2,6,17,0,2,7,13,0,2,8,6,1,0,4,3,1,0,5,7,1,0,6,7,1,0,7,9,1,0,8,8,1,0,9,9,1,2,2,5,1,2,3,17,1,2,4,16,1,2,5,23,1,2,6,22,1,2,7,12,1,2,8,22,1,2,9,13,1,2,10,5,,,,,,,,
id136,1,2,2,8,1,2,3,82,1,2,4,60,1,2,5,49,1,2,6,51,1,2,7,33,1,2,8,6,1,2,9,12,1,2,10,3,,,,,,,,,,,,,,,,,,,,,,,,,,,,,,,,,,,,,,,,,,,,,,,,,,,,,,,,,,,,,,,,,,,,,,,,,,,,
id137,1,2,4,6,1,2,5,78,1,2,6,111,1,2,7,51,1,2,8,29,1,2,9,29,1,2,10,1,,,,,,,,,,,,,,,,,,,,,,,,,,,,,,,,,,,,,,,,,,,,,,,,,,,,,,,,,,,,,,,,,,,,,,,,,,,,,,,,,,,,
id138,1,2,2,7,1,2,3,24,1,2,4,10,1,2,5,19,1,2,6,24,1,2,7,21,1,2,8,6,1,2,9,18,1,2,10,2,,,,,,,,,,,,,,,,,,,,,,,,,,,,,,,,,,,,,,,,,,,,,,,,,,,,,,,,,,,,,,,,,,,,,,,,,,,,
id139,0,0,5,5,0,0,6,2,0,2,2,1,0,2,3,18,0,2,4,17,0,2,5,20,0,2,6,1,1,0,5,7,1,0,6,8,1,2,2,16,1,2,3,23,1,2,4,16,1,2,5,14,1,2,6,15,1,2,8,4,1,2,9,1,1,2,10,2,,,,,,,,,,,,,,,,,,,,,,,,,,,,,,,,,,,,,,,,,,,,
id140,1,0,8,4,1,0,9,8,1,0,10,1,1,2,4,3,1,2,5,22,1,2,6,50,1,2,7,25,1,2,8,28,1,2,9,3,,,,,,,,,,,,,,,,,,,,,,,,,,,,,,,,,,,,,,,,,,,,,,,,,,,,,,,,,,,,,,,,,,,,,,,,,,,,
id141,1,2,4,22,1,2,5,46,1,2,6,69,1,2,7,15,1,2,8,30,1,2,9,13,1,2,10,2,,,,,,,,,,,,,,,,,,,,,,,,,,,,,,,,,,,,,,,,,,,,,,,,,,,,,,,,,,,,,,,,,,,,,,,,,,,,,,,,,,,,
id142,1,0,5,4,1,0,6,13,1,0,7,8,1,0,8,12,1,0,9,22,1,2,4,5,1,2,5,38,1,2,6,69,1,2,7,42,1,2,8,27,1,2,9,32,1,2,10,10,,,,,,,,,,,,,,,,,,,,,,,,,,,,,,,,,,,,,,,,,,,,,,,,,,,,,,,,,,,,,,,,
id143,0,2,3,13,0,2,4,114,0,2,5,119,0,2,6,64,0,2,7,45,0,2,8,12,0,2,10,4,1,2,7,4,1,2,8,2,,,,,,,,,,,,,,,,,,,,,,,,,,,,,,,,,,,,,,,,,,,,,,,,,,,,,,,,,,,,,,,,,,,,,,,,,,,,
id144,0,2,5,3,0,2,6,33,0,2,7,29,0,2,8,10,0,2,9,3,1,2,4,18,1,2,5,65,1,2,6,48,1,2,7,35,1,2,8,20,1,2,9,19,1,2,10,2,,,,,,,,,,,,,,,,,,,,,,,,,,,,,,,,,,,,,,,,,,,,,,,,,,,,,,,,,,,,,,,,
id145,0,2,5,13,0,2,6,17,0,2,7,14,0,2,8,7,1,2,2,11,1,2,3,19,1,2,4,31,1,2,5,51,1,2,6,47,1,2,7,22,1,2,8,32,1,2,9,16,1,2,10,2,,,,,,,,,,,,,,,,,,,,,,,,,,,,,,,,,,,,,,,,,,,,,,,,,,,,,,,,,,,,
id146,1,0,6,2,1,0,7,3,1,0,8,10,1,0,9,14,1,2,5,31,1,2,6,53,1,2,7,44,1,2,8,30,1,2,9,10,1,2,10,1,,,,,,,,,,,,,,,,,,,,,,,,,,,,,,,,,,,,,,,,,,,,,,,,,,,,,,,,,,,,,,,,,,,,,,,,
id147,0,2,4,1,0,2,5,7,0,2,7,13,1,2,1,2,1,2,2,25,1,2,3,27,1,2,4,22,1,2,5,7,1,2,6,11,1,2,7,13,1,2,8,7,1,2,9,2,1,2,10,6,,,,,,,,,,,,,,,,,,,,,,,,,,,,,,,,,,,,,,,,,,,,,,,,,,,,,,,,,,,,
id148,0,2,5,6,0,2,6,1,1,2,3,14,1,2,4,46,1,2,5,57,1,2,6,26,1,2,7,27,1,2,8,6,1,2,9,3,1,2,10,1,,,,,,,,,,,,,,,,,,,,,,,,,,,,,,,,,,,,,,,,,,,,,,,,,,,,,,,,,,,,,,,,,,,,,,,,
id149,1,0,3,3,1,0,4,11,1,0,5,26,1,0,6,39,1,0,7,16,1,2,3,7,1,2,4,21,1,2,5,31,1,2,6,47,1,2,7,11,1,2,8,12,1,2,9,14,1,2,10,1,,,,,,,,,,,,,,,,,,,,,,,,,,,,,,,,,,,,,,,,,,,,,,,,,,,,,,,,,,,,
id150,0,2,3,16,0,2,4,19,0,2,5,54,0,2,6,13,0,2,7,29,0,2,8,7,1,2,3,14,1,2,4,16,1,2,5,40,1,2,6,9,1,2,7,24,1,2,8,11,1,2,9,7,1,2,10,1,,,,,,,,,,,,,,,,,,,,,,,,,,,,,,,,,,,,,,,,,,,,,,,,,,,,,,,,
id151,1,0,7,13,1,0,8,24,1,0,9,15,1,0,10,1,1,2,4,22,1,2,5,55,1,2,6,57,1,2,7,55,1,2,8,29,1,2,9,13,,,,,,,,,,,,,,,,,,,,,,,,,,,,,,,,,,,,,,,,,,,,,,,,,,,,,,,,,,,,,,,,,,,,,,,,
id152,0,0,6,2,0,0,7,3,0,0,8,6,0,2,4,34,0,2,5,62,0,2,6,15,0,2,7,18,0,2,8,1,1,2,4,35,1,2,5,29,1,2,6,6,1,2,7,16,1,2,8,8,1,2,9,3,1,2,10,2,,,,,,,,,,,,,,,,,,,,,,,,,,,,,,,,,,,,,,,,,,,,,,,,,,,,
id153,0,2,6,6,0,2,7,12,0,2,8,7,0,2,9,1,1,2,4,16,1,2,5,69,1,2,6,39,1,2,7,35,1,2,8,24,1,2,9,23,1,2,10,5,,,,,,,,,,,,,,,,,,,,,,,,,,,,,,,,,,,,,,,,,,,,,,,,,,,,,,,,,,,,,,,,,,,,
id154,0,0,2,10,0,0,3,25,0,0,4,16,0,0,5,25,0,0,6,5,0,0,7,16,0,0,8,11,0,2,2,8,0,2,3,11,0,2,4,14,0,2,5,2,0,2,6,9,0,2,7,1,0,2,8,5,1,2,3,1,1,2,4,5,1,2,5,1,1,2,6,5,1,2,7,3,1,2,8,5,1,2,9,5,1,2,10,2,,,,,,,,,,,,,,,,,,,,,,,,
id155,0,2,3,6,0,2,4,8,0,2,5,9,0,2,6,6,0,2,7,4,1,0,7,5,1,0,8,3,1,2,1,2,1,2,2,12,1,2,3,31,1,2,4,25,1,2,5,39,1,2,6,27,1,2,7,26,1,2,8,13,1,2,9,5,1,2,10,1,,,,,,,,,,,,,,,,,,,,,,,,,,,,,,,,,,,,,,,,,,,,
id156,0,2,3,6,0,2,4,8,0,2,5,9,0,2,6,6,0,2,7,4,1,0,7,5,1,0,8,3,1,2,1,2,1,2,2,12,1,2,3,31,1,2,4,25,1,2,5,39,1,2,6,27,1,2,7,26,1,2,8,13,1,2,9,5,1,2,10,1,,,,,,,,,,,,,,,,,,,,,,,,,,,,,,,,,,,,,,,,,,,,
id157,0,2,7,4,0,2,8,6,0,2,9,2,1,0,9,5,1,0,10,3,1,2,4,1,1,2,5,16,1,2,6,39,1,2,7,36,1,2,8,39,1,2,9,15,,,,,,,,,,,,,,,,,,,,,,,,,,,,,,,,,,,,,,,,,,,,,,,,,,,,,,,,,,,,,,,,,,,,
id158,1,0,5,1,1,0,6,11,1,0,7,8,1,0,8,11,1,2,3,9,1,2,4,49,1,2,5,56,1,2,6,41,1,2,7,28,1,2,8,10,1,2,9,8,1,2,10,1,,,,,,,,,,,,,,,,,,,,,,,,,,,,,,,,,,,,,,,,,,,,,,,,,,,,,,,,,,,,,,,,
id159,0,2,4,23,0,2,5,34,0,2,6,17,0,2,7,21,0,2,8,10,0,2,9,3,1,2,3,7,1,2,4,28,1,2,5,25,1,2,6,23,1,2,7,16,1,2,8,17,1,2,9,12,1,2,10,1,,,,,,,,,,,,,,,,,,,,,,,,,,,,,,,,,,,,,,,,,,,,,,,,,,,,,,,,
id160,0,0,8,3,0,0,9,9,0,2,2,8,0,2,3,17,0,2,4,37,0,2,5,40,0,2,6,22,0,2,7,19,0,2,8,8,0,2,9,1,1,2,2,3,1,2,3,7,1,2,4,3,1,2,5,12,1,2,6,12,1,2,7,15,1,2,8,12,1,2,9,9,1,2,10,2,,,,,,,,,,,,,,,,,,,,,,,,,,,,,,,,,,,,
id161,0,2,2,6,0,2,3,28,0,2,4,41,0,2,5,33,0,2,6,29,0,2,7,33,0,2,8,29,0,2,9,16,0,2,10,2,1,2,7,3,,,,,,,,,,,,,,,,,,,,,,,,,,,,,,,,,,,,,,,,,,,,,,,,,,,,,,,,,,,,,,,,,,,,,,,,
id162,1,0,7,6,1,0,8,3,1,2,4,58,1,2,5,84,1,2,6,55,1,2,7,32,1,2,8,28,1,2,9,1,1,2,10,2,,,,,,,,,,,,,,,,,,,,,,,,,,,,,,,,,,,,,,,,,,,,,,,,,,,,,,,,,,,,,,,,,,,,,,,,,,,,
id163,0,2,4,27,0,2,5,64,0,2,6,29,0,2,7,20,0,2,8,14,1,2,4,12,1,2,5,8,1,2,6,11,1,2,7,10,1,2,8,8,1,2,10,1,,,,,,,,,,,,,,,,,,,,,,,,,,,,,,,,,,,,,,,,,,,,,,,,,,,,,,,,,,,,,,,,,,,,
id164,0,2,3,5,0,2,4,30,0,2,5,13,0,2,6,17,0,2,7,12,0,2,8,2,1,2,2,10,1,2,3,21,1,2,4,34,1,2,5,21,1,2,6,25,1,2,7,20,1,2,8,15,1,2,9,7,1,2,10,1,,,,,,,,,,,,,,,,,,,,,,,,,,,,,,,,,,,,,,,,,,,,,,,,,,,,
id165,0,0,9,4,0,0,10,3,0,2,4,7,0,2,5,41,0,2,6,67,0,2,7,54,0,2,8,31,0,2,9,20,0,2,10,2,1,2,9,3,,,,,,,,,,,,,,,,,,,,,,,,,,,,,,,,,,,,,,,,,,,,,,,,,,,,,,,,,,,,,,,,,,,,,,,,
id166,0,0,8,3,0,2,6,1,0,2,8,4,1,0,3,11,1,0,4,10,1,0,5,9,1,0,6,6,1,0,7,11,1,0,8,5,1,2,2,4,1,2,3,40,1,2,4,26,1,2,5,14,1,2,6,22,1,2,7,11,1,2,8,17,1,2,9,8,1,2,10,2,,,,,,,,,,,,,,,,,,,,,,,,,,,,,,,,,,,,,,,,
id167,0,0,7,5,0,0,8,4,0,2,5,38,0,2,6,41,0,2,7,25,0,2,8,9,1,0,6,1,1,0,7,1,1,0,8,7,1,2,3,4,1,2,4,16,1,2,5,28,1,2,6,34,1,2,7,19,1,2,8,9,1,2,9,14,1,2,10,2,,,,,,,,,,,,,,,,,,,,,,,,,,,,,,,,,,,,,,,,,,,,
id168,0,0,7,5,0,0,8,4,0,2,5,38,0,2,6,41,0,2,7,25,0,2,8,9,1,0,6,1,1,0,7,1,1,0,8,7,1,2,3,4,1,2,4,16,1,2,5,28,1,2,6,34,1,2,7,19,1,2,8,9,1,2,9,14,1,2,10,2,,,,,,,,,,,,,,,,,,,,,,,,,,,,,,,,,,,,,,,,,,,,
id169,0,2,4,1,0,2,5,8,0,2,6,10,0,2,7,2,1,2,1,2,1,2,2,13,1,2,3,39,1,2,4,45,1,2,5,30,1,2,6,31,1,2,8,10,1,2,9,1,1,2,10,2,,,,,,,,,,,,,,,,,,,,,,,,,,,,,,,,,,,,,,,,,,,,,,,,,,,,,,,,,,,,
id170,0,2,4,35,0,2,5,39,0,2,6,26,0,2,7,28,0,2,8,10,1,2,4,49,1,2,5,41,1,2,6,31,1,2,7,15,1,2,8,18,1,2,9,2,1,2,10,2,,,,,,,,,,,,,,,,,,,,,,,,,,,,,,,,,,,,,,,,,,,,,,,,,,,,,,,,,,,,,,,,
id171,0,2,3,21,0,2,4,27,0,2,5,60,0,2,6,57,0,2,7,22,0,2,8,28,1,2,3,5,1,2,4,6,1,2,5,7,1,2,6,16,1,2,7,13,1,2,8,11,1,2,9,9,1,2,10,1,,,,,,,,,,,,,,,,,,,,,,,,,,,,,,,,,,,,,,,,,,,,,,,,,,,,,,,,
id172,0,0,4,2,0,0,5,9,0,0,6,6,0,0,7,12,0,0,8,4,0,0,9,2,0,2,1,1,0,2,2,10,0,2,3,15,0,2,4,27,0,2,5,32,0,2,6,10,0,2,7,18,0,2,8,10,0,2,9,15,0,2,10,2,1,0,7,2,1,0,9,4,1,2,7,2,1,2,9,4,,,,,,,,,,,,,,,,,,,,,,,,,,,,,,,,
id173,0,0,7,4,0,0,9,8,0,2,3,3,0,2,4,4,0,2,5,4,0,2,6,7,0,2,7,2,0,2,8,8,1,0,4,2,1,0,5,4,1,0,6,4,1,0,7,3,1,0,8,4,1,0,9,7,1,2,2,6,1,2,3,20,1,2,4,23,1,2,5,23,1,2,6,12,1,2,7,18,1,2,8,10,1,2,9,6,1,2,10,3,,,,,,,,,,,,,,,,,,,,
id174,0,2,3,12,0,2,4,11,0,2,5,15,0,2,6,9,0,2,7,6,0,2,8,7,0,2,9,10,0,2,10,2,1,2,2,6,1,2,3,11,1,2,4,30,1,2,5,20,1,2,6,34,1,2,7,6,1,2,8,25,1,2,9,21,,,,,,,,,,,,,,,,,,,,,,,,,,,,,,,,,,,,,,,,,,,,,,,,
id175,0,0,9,6,0,2,5,46,0,2,6,55,0,2,7,37,0,2,8,35,0,2,9,19,0,2,10,1,1,2,4,4,1,2,5,17,1,2,6,38,1,2,7,3,1,2,8,21,1,2,9,11,1,2,10,5,,,,,,,,,,,,,,,,,,,,,,,,,,,,,,,,,,,,,,,,,,,,,,,,,,,,,,,,
id176,1,0,9,9,1,2,1,3,1,2,2,13,1,2,3,25,1,2,4,22,1,2,5,5,1,2,6,35,1,2,7,25,1,2,8,11,1,2,9,28,1,2,10,2,,,,,,,,,,,,,,,,,,,,,,,,,,,,,,,,,,,,,,,,,,,,,,,,,,,,,,,,,,,,,,,,,,,,
id177,0,2,3,3,0,2,4,19,0,2,5,16,0,2,6,16,0,2,8,11,1,2,2,12,1,2,3,17,1,2,4,37,1,2,5,14,1,2,6,38,1,2,7,7,1,2,8,31,1,2,9,10,1,2,10,2,,,,,,,,,,,,,,,,,,,,,,,,,,,,,,,,,,,,,,,,,,,,,,,,,,,,,,,,
id178,0,2,4,11,0,2,5,35,0,2,6,30,0,2,7,3,0,2,8,15,0,2,9,1,1,2,3,15,1,2,4,24,1,2,5,28,1,2,6,26,1,2,7,30,1,2,8,19,1,2,9,14,1,2,10,1,,,,,,,,,,,,,,,,,,,,,,,,,,,,,,,,,,,,,,,,,,,,,,,,,,,,,,,,
id179,0,2,6,6,0,2,7,2,0,2,8,10,1,0,8,5,1,2,2,5,1,2,3,15,1,2,4,31,1,2,5,57,1,2,6,19,1,2,7,23,1,2,8,6,1,2,9,9,1,2,10,2,,,,,,,,,,,,,,,,,,,,,,,,,,,,,,,,,,,,,,,,,,,,,,,,,,,,,,,,,,,,
id180,0,0,4,3,0,0,6,13,0,0,7,9,0,0,8,8,0,2,1,1,0,2,2,17,0,2,3,18,0,2,4,40,0,2,5,48,0,2,6,30,0,2,7,19,0,2,8,12,0,2,9,6,0,2,10,1,,,,,,,,,,,,,,,,,,,,,,,,,,,,,,,,,,,,,,,,,,,,,,,,,,,,,,,,
id181,1,0,5,5,1,0,6,6,1,0,7,13,1,0,8,12,1,0,9,9,1,2,4,5,1,2,5,41,1,2,6,42,1,2,7,12,1,2,8,17,1,2,9,14,1,2,10,1,,,,,,,,,,,,,,,,,,,,,,,,,,,,,,,,,,,,,,,,,,,,,,,,,,,,,,,,,,,,,,,,
id182,0,2,4,9,0,2,5,17,0,2,6,35,0,2,7,34,0,2,8,13,0,2,9,8,1,2,2,7,1,2,3,5,1,2,4,33,1,2,5,21,1,2,6,29,1,2,7,24,1,2,8,23,1,2,9,24,1,2,10,2,,,,,,,,,,,,,,,,,,,,,,,,,,,,,,,,,,,,,,,,,,,,,,,,,,,,
id183,0,2,4,21,0,2,5,78,0,2,6,46,0,2,7,25,0,2,8,39,0,2,9,10,1,2,4,1,1,2,5,6,1,2,6,13,1,2,7,2,1,2,8,10,1,2,9,6,1,2,10,3,,,,,,,,,,,,,,,,,,,,,,,,,,,,,,,,,,,,,,,,,,,,,,,,,,,,,,,,,,,,
id184,0,0,7,9,0,0,8,1,0,0,9,14,0,2,5,47,0,2,6,73,0,2,7,54,0,2,8,30,0,2,9,12,0,2,10,2,,,,,,,,,,,,,,,,,,,,,,,,,,,,,,,,,,,,,,,,,,,,,,,,,,,,,,,,,,,,,,,,,,,,,,,,,,,,
id185,0,0,7,1,0,0,8,4,0,0,9,3,0,2,4,11,0,2,5,25,0,2,6,20,0,2,7,9,0,2,8,14,1,0,8,1,1,2,3,6,1,2,4,10,1,2,5,8,1,2,6,13,1,2,7,9,1,2,8,3,1,2,9,10,1,2,10,3,,,,,,,,,,,,,,,,,,,,,,,,,,,,,,,,,,,,,,,,,,,,
id186,0,2,1,2,0,2,2,11,0,2,3,47,0,2,4,57,0,2,5,43,0,2,6,51,0,2,7,28,0,2,8,30,0,2,9,6,0,2,10,2,,,,,,,,,,,,,,,,,,,,,,,,,,,,,,,,,,,,,,,,,,,,,,,,,,,,,,,,,,,,,,,,,,,,,,,,
id187,0,0,7,2,0,2,7,2,1,0,5,6,1,0,6,6,1,0,7,9,1,0,8,15,1,0,9,3,1,2,2,4,1,2,3,17,1,2,4,30,1,2,5,40,1,2,6,15,1,2,7,25,1,2,8,13,1,2,9,12,1,2,10,2,,,,,,,,,,,,,,,,,,,,,,,,,,,,,,,,,,,,,,,,,,,,,,,,
id188,0,0,5,3,0,0,6,3,0,0,7,2,0,0,8,7,0,2,3,22,0,2,4,24,0,2,5,10,0,2,6,14,0,2,7,2,0,2,8,14,1,0,6,5,1,0,7,6,1,0,8,1,1,0,9,6,1,2,2,12,1,2,3,19,1,2,4,26,1,2,5,15,1,2,6,14,1,2,7,17,1,2,8,13,1,2,9,16,1,2,10,2,,,,,,,,,,,,,,,,,,,,
id189,0,0,8,4,0,0,9,1,0,2,5,39,0,2,6,43,0,2,7,36,0,2,8,11,0,2,9,11,1,2,4,19,1,2,5,14,1,2,6,28,1,2,7,13,1,2,8,19,1,2,9,18,1,2,10,1,,,,,,,,,,,,,,,,,,,,,,,,,,,,,,,,,,,,,,,,,,,,,,,,,,,,,,,,
id190,0,0,5,3,0,0,6,5,0,0,7,1,0,0,8,10,0,2,4,11,0,2,5,9,0,2,6,13,0,2,7,19,0,2,8,12,0,2,9,10,1,0,5,5,1,0,6,8,1,0,7,5,1,0,8,6,1,0,9,2,1,2,4,14,1,2,5,39,1,2,6,30,1,2,7,24,1,2,8,15,1,2,9,6,1,2,10,1,,,,,,,,,,,,,,,,,,,,,,,,
id191,0,2,6,3,0,2,7,7,0,2,8,9,1,0,6,2,1,0,7,9,1,0,8,8,1,2,2,14,1,2,3,14,1,2,4,25,1,2,5,26,1,2,6,43,1,2,7,32,1,2,8,14,1,2,9,12,1,2,10,1,,,,,,,,,,,,,,,,,,,,,,,,,,,,,,,,,,,,,,,,,,,,,,,,,,,,
id192,0,0,7,2,0,2,3,4,0,2,4,9,0,2,5,14,0,2,6,16,0,2,7,12,1,0,6,4,1,0,7,9,1,2,1,3,1,2,2,20,1,2,3,47,1,2,4,45,1,2,5,44,1,2,6,29,1,2,7,20,1,2,8,21,1,2,9,10,1,2,10,2,,,,,,,,,,,,,,,,,,,,,,,,,,,,,,,,,,,,,,,,
id193,0,2,4,3,0,2,5,3,0,2,6,4,0,2,7,1,1,2,2,11,1,2,3,22,1,2,4,36,1,2,5,34,1,2,6,8,1,2,7,27,1,2,8,1,1,2,9,4,1,2,10,1,,,,,,,,,,,,,,,,,,,,,,,,,,,,,,,,,,,,,,,,,,,,,,,,,,,,,,,,,,,,
id194,1,0,6,1,1,0,7,10,1,2,2,11,1,2,3,37,1,2,4,43,1,2,5,40,1,2,6,10,1,2,7,35,1,2,9,9,1,2,10,1,,,,,,,,,,,,,,,,,,,,,,,,,,,,,,,,,,,,,,,,,,,,,,,,,,,,,,,,,,,,,,,,,,,,,,,,
id195,0,2,2,1,0,2,3,5,0,2,4,13,0,2,5,17,0,2,6,19,0,2,7,1,0,2,8,17,0,2,9,2,1,2,1,3,1,2,2,3,1,2,3,8,1,2,4,12,1,2,5,6,1,2,6,27,1,2,7,16,1,2,8,7,1,2,9,18,1,2,10,2,,,,,,,,,,,,,,,,,,,,,,,,,,,,,,,,,,,,,,,,
id196,0,0,2,10,0,0,3,20,0,0,4,20,0,0,5,14,0,0,6,12,0,0,7,22,0,2,1,3,0,2,2,20,0,2,3,38,0,2,4,15,0,2,5,27,0,2,6,19,0,2,7,8,0,2,8,3,1,2,8,9,1,2,9,6,1,2,10,2,,,,,,,,,,,,,,,,,,,,,,,,,,,,,,,,,,,,,,,,,,,,
id197,0,2,2,1,0,2,3,16,0,2,4,34,0,2,5,39,0,2,6,37,0,2,7,10,0,2,8,14,1,2,3,2,1,2,4,4,1,2,5,1,1,2,6,9,1,2,7,11,1,2,8,13,1,2,9,5,1,2,10,1,,,,,,,,,,,,,,,,,,,,,,,,,,,,,,,,,,,,,,,,,,,,,,,,,,,,
id198,0,0,5,10,0,0,6,9,0,2,3,2,0,2,4,17,0,2,5,8,0,2,6,1,1,0,2,4,1,0,3,9,1,0,4,13,1,0,5,15,1,0,6,13,1,2,2,11,1,2,3,55,1,2,4,57,1,2,5,28,1,2,6,14,1,2,7,9,1,2,8,4,1,2,10,3,,,,,,,,,,,,,,,,,,,,,,,,,,,,,,,,,,,,
id199,0,2,1,1,0,2,2,9,0,2,3,23,0,2,4,39,0,2,5,43,0,2,6,40,0,2,7,38,0,2,8,23,0,2,9,11,0,2,10,1,1,2,7,1,1,2,8,4,1,2,9,2,,,,,,,,,,,,,,,,,,,,,,,,,,,,,,,,,,,,,,,,,,,,,,,,,,,,,,,,,,,,
id200,1,2,2,3,1,2,3,41,1,2,4,56,1,2,5,39,1,2,6,39,1,2,7,12,1,2,8,6,1,2,9,4,1,2,10,1,,,,,,,,,,,,,,,,,,,,,,,,,,,,,,,,,,,,,,,,,,,,,,,,,,,,,,,,,,,,,,,,,,,,,,,,,,,,
id201,0,0,6,7,0,2,3,23,0,2,4,40,0,2,5,31,0,2,6,23,0,2,7,14,0,2,8,4,0,2,9,4,0,2,10,1,,,,,,,,,,,,,,,,,,,,,,,,,,,,,,,,,,,,,,,,,,,,,,,,,,,,,,,,,,,,,,,,,,,,,,,,,,,,
id202,0,2,4,3,0,2,5,7,0,2,6,7,0,2,7,10,0,2,8,6,1,2,2,6,1,2,3,33,1,2,4,38,1,2,5,28,1,2,6,26,1,2,7,23,1,2,8,5,1,2,9,5,1,2,10,2,,,,,,,,,,,,,,,,,,,,,,,,,,,,,,,,,,,,,,,,,,,,,,,,,,,,,,,,
id203,0,0,6,21,0,0,7,45,0,0,8,57,0,0,9,32,0,0,10,2,0,2,6,40,0,2,7,164,0,2,8,68,0,2,9,24,0,2,10,1,1,0,6,10,1,0,7,6,1,0,8,4,1,2,6,17,1,2,7,40,1,2,8,12,,,,,,,,,,,,,,,,,,,,,,,,,,,,,,,,,,,,,,,,,,,,,,,,
id204,0,0,7,1,0,2,4,4,0,2,5,11,0,2,6,17,0,2,7,11,1,0,6,3,1,0,7,4,1,2,2,27,1,2,3,55,1,2,4,25,1,2,5,33,1,2,6,35,1,2,7,7,1,2,8,7,1,2,9,3,1,2,10,2,,,,,,,,,,,,,,,,,,,,,,,,,,,,,,,,,,,,,,,,,,,,,,,,
id205,0,0,5,13,0,0,6,7,0,0,7,6,0,0,8,15,0,2,5,1,1,0,4,50,1,0,5,35,1,0,6,22,1,0,7,12,1,0,8,21,1,2,4,18,1,2,5,31,1,2,6,26,1,2,8,9,1,2,9,4,1,2,10,4,,,,,,,,,,,,,,,,,,,,,,,,,,,,,,,,,,,,,,,,,,,,,,,,
id206,0,0,7,1,0,2,4,2,0,2,5,7,0,2,6,8,0,2,7,4,1,0,6,4,1,0,7,9,1,2,1,6,1,2,2,15,1,2,3,19,1,2,4,29,1,2,5,21,1,2,6,21,1,2,7,8,1,2,8,2,1,2,9,3,1,2,10,2,,,,,,,,,,,,,,,,,,,,,,,,,,,,,,,,,,,,,,,,,,,,
id207,0,2,3,2,0,2,4,14,0,2,5,11,0,2,6,20,0,2,7,12,0,2,8,12,1,2,3,8,1,2,4,21,1,2,5,53,1,2,6,25,1,2,7,23,1,2,8,2,1,2,9,9,1,2,10,2,,,,,,,,,,,,,,,,,,,,,,,,,,,,,,,,,,,,,,,,,,,,,,,,,,,,,,,,
id208,1,2,1,7,1,2,2,9,1,2,3,25,1,2,4,25,1,2,5,35,1,2,6,23,1,2,7,38,1,2,8,7,1,2,9,9,1,2,10,1,,,,,,,,,,,,,,,,,,,,,,,,,,,,,,,,,,,,,,,,,,,,,,,,,,,,,,,,,,,,,,,,,,,,,,,,
id209,0,0,8,4,0,2,3,2,0,2,4,9,0,2,5,8,0,2,6,21,0,2,7,8,0,2,8,9,1,0,6,3,1,0,7,5,1,0,8,8,1,0,9,3,1,2,3,3,1,2,4,21,1,2,5,49,1,2,6,32,1,2,7,17,1,2,8,19,1,2,9,8,1,2,10,3,,,,,,,,,,,,,,,,,,,,,,,,,,,,,,,,,,,,
id210,1,2,3,2,1,2,4,11,1,2,5,89,1,2,6,78,1,2,7,33,1,2,8,24,1,2,9,23,1,2,10,1,,,,,,,,,,,,,,,,,,,,,,,,,,,,,,,,,,,,,,,,,,,,,,,,,,,,,,,,,,,,,,,,,,,,,,,,,,,,,,,,
id211,1,0,2,3,1,0,3,5,1,0,4,8,1,0,5,16,1,0,6,22,1,0,7,2,1,0,8,18,1,0,9,7,1,2,2,2,1,2,3,15,1,2,4,20,1,2,5,28,1,2,6,9,1,2,7,17,1,2,8,11,1,2,9,14,1,2,10,1,,,,,,,,,,,,,,,,,,,,,,,,,,,,,,,,,,,,,,,,,,,,
id212,0,2,2,1,0,2,3,15,0,2,4,33,0,2,5,63,0,2,6,45,0,2,7,50,0,2,8,27,0,2,9,8,1,2,6,1,1,2,8,3,1,2,9,7,1,2,10,2,,,,,,,,,,,,,,,,,,,,,,,,,,,,,,,,,,,,,,,,,,,,,,,,,,,,,,,,,,,,,,,,
id213,1,0,8,8,1,2,3,8,1,2,4,39,1,2,5,43,1,2,6,23,1,2,7,38,1,2,8,22,1,2,9,11,1,2,10,1,,,,,,,,,,,,,,,,,,,,,,,,,,,,,,,,,,,,,,,,,,,,,,,,,,,,,,,,,,,,,,,,,,,,,,,,,,,,
id214,0,0,5,1,0,0,6,2,0,0,7,3,0,0,8,6,0,2,4,1,0,2,5,12,0,2,6,12,0,2,7,6,0,2,8,11,0,2,9,2,1,0,3,4,1,0,4,10,1,0,5,8,1,0,6,9,1,0,7,5,1,0,8,12,1,0,9,1,1,2,2,6,1,2,3,25,1,2,4,31,1,2,5,40,1,2,6,33,1,2,7,12,1,2,8,18,1,2,9,8,1,2,10,2,,,,,,,,
id215,0,2,6,7,0,2,7,9,1,2,4,12,1,2,5,74,1,2,6,91,1,2,7,60,1,2,8,39,1,2,9,20,1,2,10,1,,,,,,,,,,,,,,,,,,,,,,,,,,,,,,,,,,,,,,,,,,,,,,,,,,,,,,,,,,,,,,,,,,,,,,,,,,,,
id216,0,0,5,6,0,0,6,9,0,0,7,9,0,0,8,3,0,2,4,6,0,2,5,25,0,2,6,31,0,2,7,4,1,0,4,10,1,0,5,9,1,0,6,7,1,0,7,16,1,0,8,5,1,2,4,9,1,2,5,18,1,2,6,33,1,2,7,10,1,2,9,1,1,2,10,2,,,,,,,,,,,,,,,,,,,,,,,,,,,,,,,,,,,,
id217,1,0,6,3,1,0,7,10,1,0,8,9,1,2,4,28,1,2,5,64,1,2,6,70,1,2,7,28,1,2,8,8,1,2,10,1,,,,,,,,,,,,,,,,,,,,,,,,,,,,,,,,,,,,,,,,,,,,,,,,,,,,,,,,,,,,,,,,,,,,,,,,,,,,
id218,0,2,3,6,0,2,4,22,0,2,5,35,0,2,6,12,0,2,7,24,0,2,8,10,0,2,9,15,1,2,3,2,1,2,4,3,1,2,5,6,1,2,6,5,1,2,7,9,1,2,8,1,1,2,9,9,1,2,10,1,,,,,,,,,,,,,,,,,,,,,,,,,,,,,,,,,,,,,,,,,,,,,,,,,,,,
id219,0,2,1,7,0,2,2,9,0,2,3,13,0,2,4,6,0,2,5,5,0,2,6,20,0,2,7,1,1,2,5,2,1,2,7,4,1,2,9,1,1,2,10,3,,,,,,,,,,,,,,,,,,,,,,,,,,,,,,,,,,,,,,,,,,,,,,,,,,,,,,,,,,,,,,,,,,,,
id220,0,0,5,7,0,0,6,10,0,0,7,12,0,0,8,4,0,2,3,14,0,2,4,44,0,2,5,45,0,2,6,24,0,2,7,13,0,2,8,5,0,2,9,5,0,2,10,1,,,,,,,,,,,,,,,,,,,,,,,,,,,,,,,,,,,,,,,,,,,,,,,,,,,,,,,,,,,,,,,,
id221,0,2,3,28,0,2,4,82,0,2,5,76,0,2,6,62,0,2,7,24,0,2,8,9,0,2,9,4,0,2,10,2,,,,,,,,,,,,,,,,,,,,,,,,,,,,,,,,,,,,,,,,,,,,,,,,,,,,,,,,,,,,,,,,,,,,,,,,,,,,,,,,
id222,1,2,2,6,1,2,3,16,1,2,4,40,1,2,5,47,1,2,6,68,1,2,7,23,1,2,8,30,1,2,9,5,1,2,10,4,,,,,,,,,,,,,,,,,,,,,,,,,,,,,,,,,,,,,,,,,,,,,,,,,,,,,,,,,,,,,,,,,,,,,,,,,,,,
id223,0,0,7,6,0,0,8,2,0,2,3,27,0,2,4,39,0,2,5,84,0,2,6,60,0,2,7,47,0,2,8,16,0,2,9,5,0,2,10,2,,,,,,,,,,,,,,,,,,,,,,,,,,,,,,,,,,,,,,,,,,,,,,,,,,,,,,,,,,,,,,,,,,,,,,,,
id224,0,2,4,13,0,2,5,29,0,2,6,13,0,2,7,20,0,2,8,11,1,2,3,2,1,2,4,29,1,2,5,49,1,2,6,17,1,2,7,21,1,2,8,21,1,2,9,14,1,2,10,2,,,,,,,,,,,,,,,,,,,,,,,,,,,,,,,,,,,,,,,,,,,,,,,,,,,,,,,,,,,,
id225,0,0,8,3,0,2,6,1,0,2,7,2,0,2,8,4,1,0,4,4,1,0,6,9,1,0,7,3,1,0,8,9,1,0,9,7,1,2,2,18,1,2,3,30,1,2,4,28,1,2,5,22,1,2,6,17,1,2,7,21,1,2,8,11,1,2,9,13,1,2,10,1,,,,,,,,,,,,,,,,,,,,,,,,,,,,,,,,,,,,,,,,
id226,0,0,4,3,0,0,5,7,0,0,6,10,0,0,7,9,0,0,8,4,0,2,4,24,0,2,5,23,0,2,6,18,0,2,7,11,0,2,8,2,1,0,3,3,1,0,4,6,1,0,5,2,1,0,6,7,1,0,8,2,1,0,9,9,1,2,2,1,1,2,3,20,1,2,4,12,1,2,5,19,1,2,6,22,1,2,7,5,1,2,8,10,1,2,9,6,1,2,10,2,,,,,,,,,,,,
id227,0,0,6,3,0,0,7,5,0,2,5,4,0,2,6,4,0,2,7,4,1,0,3,11,1,0,4,11,1,0,5,13,1,0,6,19,1,0,7,15,1,0,8,1,1,1,8,2,1,2,3,26,1,2,4,46,1,2,5,45,1,2,6,22,1,2,7,13,1,2,8,15,1,2,9,4,1,2,10,5,1,3,7,2,1,3,8,4,,,,,,,,,,,,,,,,,,,,,,,,
id228,0,0,7,1,0,2,7,6,1,0,3,1,1,0,4,11,1,0,5,15,1,0,6,9,1,0,7,7,1,2,2,3,1,2,3,50,1,2,4,42,1,2,5,16,1,2,6,24,1,2,7,5,1,2,8,7,1,2,9,5,1,2,10,3,,,,,,,,,,,,,,,,,,,,,,,,,,,,,,,,,,,,,,,,,,,,,,,,
id229,1,0,4,4,1,0,5,1,1,0,6,4,1,0,7,16,1,0,8,3,1,0,9,4,1,0,10,1,1,2,1,4,1,2,2,20,1,2,3,28,1,2,4,28,1,2,5,15,1,2,6,29,1,2,7,11,1,2,8,16,1,2,9,4,,,,,,,,,,,,,,,,,,,,,,,,,,,,,,,,,,,,,,,,,,,,,,,,
id230,1,0,8,7,1,2,3,10,1,2,4,59,1,2,5,60,1,2,6,52,1,2,7,38,1,2,8,27,1,2,9,7,1,2,10,2,,,,,,,,,,,,,,,,,,,,,,,,,,,,,,,,,,,,,,,,,,,,,,,,,,,,,,,,,,,,,,,,,,,,,,,,,,,,
id231,0,2,3,1,0,2,4,19,0,2,5,17,0,2,6,8,0,2,7,25,0,2,8,2,1,2,2,15,1,2,3,21,1,2,4,15,1,2,5,31,1,2,6,32,1,2,7,19,1,2,8,25,1,2,9,7,1,2,10,2,,,,,,,,,,,,,,,,,,,,,,,,,,,,,,,,,,,,,,,,,,,,,,,,,,,,
id232,0,2,4,2,0,2,5,2,0,2,6,10,0,2,7,8,1,2,2,11,1,2,3,42,1,2,4,40,1,2,5,25,1,2,6,27,1,2,7,10,1,2,8,6,1,2,10,3,,,,,,,,,,,,,,,,,,,,,,,,,,,,,,,,,,,,,,,,,,,,,,,,,,,,,,,,,,,,,,,,
id233,0,2,3,5,0,2,4,9,0,2,5,29,0,2,6,45,0,2,7,35,0,2,8,18,0,2,9,14,0,2,10,1,1,2,4,4,1,2,5,12,1,2,6,8,1,2,7,14,1,2,8,7,,,,,,,,,,,,,,,,,,,,,,,,,,,,,,,,,,,,,,,,,,,,,,,,,,,,,,,,,,,,
id234,0,0,6,2,0,2,3,4,0,2,4,11,0,2,5,14,0,2,6,9,0,2,7,13,0,2,8,2,1,0,5,3,1,0,6,12,1,0,7,5,1,2,2,11,1,2,3,25,1,2,4,50,1,2,5,16,1,2,6,25,1,2,7,15,1,2,8,14,1,2,9,11,1,2,10,2,,,,,,,,,,,,,,,,,,,,,,,,,,,,,,,,,,,,
id235,0,0,7,1,0,2,4,2,0,2,5,30,0,2,6,21,0,2,7,29,1,0,8,7,1,2,3,11,1,2,4,35,1,2,5,55,1,2,6,38,1,2,7,18,1,2,8,27,1,2,9,7,1,2,10,1,,,,,,,,,,,,,,,,,,,,,,,,,,,,,,,,,,,,,,,,,,,,,,,,,,,,,,,,
id236,0,2,3,2,0,2,4,15,0,2,5,8,0,2,6,30,0,2,7,7,0,2,8,6,0,2,9,13,1,2,2,1,1,2,3,7,1,2,4,15,1,2,5,11,1,2,6,20,1,2,7,10,1,2,8,22,1,2,9,13,1,2,10,1,,,,,,,,,,,,,,,,,,,,,,,,,,,,,,,,,,,,,,,,,,,,,,,,
id237,0,0,8,2,0,0,9,6,0,2,5,21,0,2,6,38,0,2,7,15,0,2,8,13,0,2,9,5,1,0,7,3,1,0,8,4,1,0,9,10,1,2,5,43,1,2,6,27,1,2,7,28,1,2,8,12,1,2,9,16,1,2,10,4,,,,,,,,,,,,,,,,,,,,,,,,,,,,,,,,,,,,,,,,,,,,,,,,
id238,1,2,3,7,1,2,4,35,1,2,5,39,1,2,6,35,1,2,7,15,1,2,8,23,1,2,9,10,1,2,10,3,,,,,,,,,,,,,,,,,,,,,,,,,,,,,,,,,,,,,,,,,,,,,,,,,,,,,,,,,,,,,,,,,,,,,,,,,,,,,,,,
id239,0,0,9,1,0,2,5,10,0,2,6,80,0,2,7,35,0,2,8,29,0,2,9,7,1,0,9,5,1,2,5,67,1,2,6,70,1,2,7,59,1,2,8,36,1,2,9,18,1,2,10,2,,,,,,,,,,,,,,,,,,,,,,,,,,,,,,,,,,,,,,,,,,,,,,,,,,,,,,,,,,,,
id240,1,0,1,3,1,0,2,2,1,0,3,9,1,0,4,11,1,0,5,4,1,0,6,15,1,2,0,1,1,2,1,9,1,2,2,15,1,2,3,11,1,2,4,17,1,2,5,3,1,2,6,19,1,2,8,11,1,2,9,4,1,2,10,1,,,,,,,,,,,,,,,,,,,,,,,,,,,,,,,,,,,,,,,,,,,,,,,,
id241,0,2,1,3,0,2,2,19,0,2,3,34,0,2,4,34,0,2,5,36,0,2,6,34,0,2,7,18,0,2,8,26,0,2,9,4,1,2,8,3,1,2,9,5,1,2,10,3,,,,,,,,,,,,,,,,,,,,,,,,,,,,,,,,,,,,,,,,,,,,,,,,,,,,,,,,,,,,,,,,
id242,0,2,5,9,0,2,6,10,0,2,7,8,0,2,8,7,0,2,9,3,1,2,3,4,1,2,4,25,1,2,5,29,1,2,6,27,1,2,7,13,1,2,8,20,1,2,9,12,1,2,10,1,,,,,,,,,,,,,,,,,,,,,,,,,,,,,,,,,,,,,,,,,,,,,,,,,,,,,,,,,,,,
id243,0,0,4,3,0,0,5,7,0,0,6,6,0,0,7,11,0,0,8,4,0,2,3,1,0,2,4,17,0,2,5,28,0,2,6,12,0,2,7,7,0,2,8,3,1,0,3,1,1,0,4,6,1,0,5,2,1,0,6,8,1,0,8,9,1,2,2,3,1,2,3,8,1,2,4,11,1,2,5,5,1,2,6,16,1,2,7,9,1,2,8,7,1,2,9,7,1,2,10,1,,,,,,,,,,,,
id244,0,2,5,7,0,2,6,37,0,2,7,29,0,2,8,31,0,2,9,10,0,2,10,3,1,2,5,2,1,2,6,50,1,2,7,20,1,2,8,25,1,2,9,12,,,,,,,,,,,,,,,,,,,,,,,,,,,,,,,,,,,,,,,,,,,,,,,,,,,,,,,,,,,,,,,,,,,,
id245,0,0,7,6,0,2,7,1,0,2,8,2,0,2,9,2,1,0,5,13,1,0,6,29,1,0,7,20,1,0,8,14,1,0,9,3,1,2,4,5,1,2,5,29,1,2,6,21,1,2,7,23,1,2,8,9,1,2,9,4,1,2,10,1,,,,,,,,,,,,,,,,,,,,,,,,,,,,,,,,,,,,,,,,,,,,,,,,
id246,0,0,6,12,0,0,7,16,0,0,8,3,0,0,9,24,0,2,4,13,0,2,5,35,0,2,6,48,0,2,7,20,0,2,8,5,0,2,9,26,0,2,10,2,1,2,5,2,1,2,6,3,1,2,7,4,1,2,8,3,1,2,9,9,,,,,,,,,,,,,,,,,,,,,,,,,,,,,,,,,,,,,,,,,,,,,,,,
id247,0,0,6,12,0,0,7,16,0,0,8,3,0,0,9,24,0,2,4,13,0,2,5,35,0,2,6,48,0,2,7,20,0,2,8,5,0,2,9,26,0,2,10,2,1,2,5,2,1,2,6,3,1,2,7,4,1,2,8,3,1,2,9,9,,,,,,,,,,,,,,,,,,,,,,,,,,,,,,,,,,,,,,,,,,,,,,,,
id248,0,0,6,8,0,0,7,10,0,0,8,12,0,2,3,6,0,2,4,15,0,2,5,43,0,2,6,31,0,2,7,9,0,2,8,21,1,0,5,1,1,0,7,1,1,2,3,1,1,2,4,12,1,2,5,21,1,2,6,12,1,2,7,8,1,2,8,14,1,2,9,9,1,2,10,1,,,,,,,,,,,,,,,,,,,,,,,,,,,,,,,,,,,,
id249,0,2,5,5,1,0,7,4,1,2,2,28,1,2,3,55,1,2,4,80,1,2,5,56,1,2,6,45,1,2,7,23,1,2,8,9,1,2,9,7,1,2,10,1,1,3,6,1,1,3,7,7,,,,,,,,,,,,,,,,,,,,,,,,,,,,,,,,,,,,,,,,,,,,,,,,,,,,,,,,,,,,
id250,0,0,4,1,0,0,5,3,0,0,6,3,0,0,7,8,0,0,8,2,0,2,3,17,0,2,4,23,0,2,5,14,0,2,6,18,0,2,7,6,0,2,8,4,1,0,4,1,1,0,5,4,1,0,6,4,1,0,7,4,1,0,8,3,1,2,3,23,1,2,4,24,1,2,5,14,1,2,6,21,1,2,7,8,1,2,8,13,1,2,9,8,1,2,10,3,,,,,,,,,,,,,,,,
id251,1,2,1,4,1,2,2,27,1,2,3,30,1,2,4,42,1,2,5,55,1,2,6,39,1,2,7,15,1,2,8,9,1,2,10,4,,,,,,,,,,,,,,,,,,,,,,,,,,,,,,,,,,,,,,,,,,,,,,,,,,,,,,,,,,,,,,,,,,,,,,,,,,,,
id252,0,0,4,46,0,0,5,30,0,0,6,24,0,0,7,29,0,0,8,1,0,2,3,6,0,2,4,29,0,2,5,26,0,2,6,15,0,2,7,14,0,2,8,9,0,2,9,4,0,2,10,1,,,,,,,,,,,,,,,,,,,,,,,,,,,,,,,,,,,,,,,,,,,,,,,,,,,,,,,,,,,,
id253,0,0,3,1,0,0,4,47,0,0,5,19,0,0,6,23,0,0,7,27,0,2,3,12,0,2,4,27,0,2,5,13,0,2,6,11,0,2,7,16,0,2,8,12,0,2,10,3,,,,,,,,,,,,,,,,,,,,,,,,,,,,,,,,,,,,,,,,,,,,,,,,,,,,,,,,,,,,,,,,
id254,1,2,0,2,1,2,1,7,1,2,2,24,1,2,3,12,1,2,4,18,1,2,5,9,1,2,6,19,1,2,7,9,1,2,8,5,1,2,9,1,1,2,10,2,,,,,,,,,,,,,,,,,,,,,,,,,,,,,,,,,,,,,,,,,,,,,,,,,,,,,,,,,,,,,,,,,,,,
id255,1,0,7,8,1,2,3,8,1,2,4,36,1,2,5,54,1,2,6,44,1,2,7,22,1,2,8,8,1,2,9,7,1,2,10,1,,,,,,,,,,,,,,,,,,,,,,,,,,,,,,,,,,,,,,,,,,,,,,,,,,,,,,,,,,,,,,,,,,,,,,,,,,,,
id256,1,0,7,8,1,2,3,8,1,2,4,36,1,2,5,54,1,2,6,44,1,2,7,22,1,2,8,8,1,2,9,7,1,2,10,1,,,,,,,,,,,,,,,,,,,,,,,,,,,,,,,,,,,,,,,,,,,,,,,,,,,,,,,,,,,,,,,,,,,,,,,,,,,,
id257,0,0,6,1,0,0,7,11,0,2,4,11,0,2,5,101,0,2,6,51,0,2,7,23,0,2,8,3,0,2,9,1,0,2,10,2,1,2,4,22,1,2,5,8,1,2,6,18,1,2,7,18,,,,,,,,,,,,,,,,,,,,,,,,,,,,,,,,,,,,,,,,,,,,,,,,,,,,,,,,,,,,
id258,0,0,7,2,0,0,8,5,0,2,5,34,0,2,6,14,0,2,7,7,0,2,8,14,1,0,6,1,1,0,7,8,1,0,8,7,1,2,3,5,1,2,4,34,1,2,5,41,1,2,6,32,1,2,7,13,1,2,8,32,1,2,9,13,1,2,10,3,,,,,,,,,,,,,,,,,,,,,,,,,,,,,,,,,,,,,,,,,,,,
id259,0,0,2,9,0,0,3,1,0,0,4,12,0,0,5,5,0,0,6,8,0,0,7,21,0,2,2,7,0,2,3,18,0,2,4,7,0,2,5,12,0,2,7,7,0,2,9,5,0,2,10,2,,,,,,,,,,,,,,,,,,,,,,,,,,,,,,,,,,,,,,,,,,,,,,,,,,,,,,,,,,,,
id260,0,0,7,3,0,2,1,1,0,2,2,2,0,2,3,10,0,2,4,26,0,2,5,21,0,2,6,24,0,2,7,1,1,0,7,1,1,2,1,2,1,2,2,2,1,2,3,9,1,2,4,11,1,2,5,28,1,2,6,9,1,2,7,16,1,2,9,7,1,2,10,1,,,,,,,,,,,,,,,,,,,,,,,,,,,,,,,,,,,,,,,,
id261,0,0,4,5,0,0,6,11,0,0,7,15,0,0,8,4,0,1,8,2,0,2,3,22,0,2,4,34,0,2,6,20,0,2,7,21,0,3,8,3,1,0,4,3,1,0,6,3,1,0,7,3,1,2,3,33,1,2,4,14,1,2,5,21,1,2,6,18,1,2,8,12,1,2,9,4,1,2,10,5,,,,,,,,,,,,,,,,,,,,,,,,,,,,,,,,
id262,0,2,4,1,0,2,5,11,0,2,6,25,0,2,7,16,0,2,8,6,1,2,3,21,1,2,4,50,1,2,5,67,1,2,6,25,1,2,7,38,1,2,8,25,1,2,9,15,1,2,10,1,,,,,,,,,,,,,,,,,,,,,,,,,,,,,,,,,,,,,,,,,,,,,,,,,,,,,,,,,,,,
id263,1,0,6,16,1,0,7,9,1,0,8,4,1,2,3,24,1,2,4,55,1,2,5,68,1,2,6,34,1,2,7,25,1,2,8,12,1,2,9,8,1,2,10,1,,,,,,,,,,,,,,,,,,,,,,,,,,,,,,,,,,,,,,,,,,,,,,,,,,,,,,,,,,,,,,,,,,,,
id264,0,2,3,11,0,2,4,25,0,2,5,51,0,2,6,36,0,2,7,27,0,2,8,20,0,2,9,12,1,2,2,1,1,2,3,11,1,2,4,1,1,2,5,14,1,2,6,9,1,2,7,18,1,2,8,11,1,2,9,17,1,2,10,2,,,,,,,,,,,,,,,,,,,,,,,,,,,,,,,,,,,,,,,,,,,,,,,,
id265,0,2,3,7,0,2,4,32,0,2,5,55,0,2,6,35,0,2,7,7,0,2,8,19,0,2,9,12,1,2,2,5,1,2,3,20,1,2,4,6,1,2,6,26,1,2,7,14,1,2,8,30,1,2,9,11,1,2,10,3,,,,,,,,,,,,,,,,,,,,,,,,,,,,,,,,,,,,,,,,,,,,,,,,,,,,
id266,0,2,5,4,0,2,6,9,0,2,7,8,1,2,2,15,1,2,3,51,1,2,4,35,1,2,5,43,1,2,6,32,1,2,7,30,1,2,8,14,1,2,9,7,1,2,10,1,,,,,,,,,,,,,,,,,,,,,,,,,,,,,,,,,,,,,,,,,,,,,,,,,,,,,,,,,,,,,,,,
id267,0,2,2,16,0,2,3,15,0,2,4,27,0,2,5,49,0,2,6,26,0,2,7,22,0,2,8,13,0,2,9,3,1,2,2,3,1,2,3,5,1,2,4,8,1,2,5,8,1,2,6,18,1,2,7,3,1,2,8,16,1,2,9,15,1,2,10,1,,,,,,,,,,,,,,,,,,,,,,,,,,,,,,,,,,,,,,,,,,,,
id268,0,0,4,6,0,0,5,12,0,0,6,9,0,0,7,11,0,0,8,3,0,1,8,4,1,0,3,8,1,0,4,24,1,0,5,31,1,0,6,21,1,0,7,10,1,0,8,5,1,1,6,4,1,1,7,2,1,1,8,4,1,1,9,5,1,2,3,1,1,2,4,7,1,2,5,4,1,2,6,13,1,2,7,9,1,2,9,7,1,2,10,2,,,,,,,,,,,,,,,,,,,,
id269,0,2,5,5,0,2,6,66,0,2,7,54,0,2,8,41,0,2,9,39,0,2,10,1,,,,,,,,,,,,,,,,,,,,,,,,,,,,,,,,,,,,,,,,,,,,,,,,,,,,,,,,,,,,,,,,,,,,,,,,,,,,,,,,,,,,,,,,
id270,0,2,4,33,0,2,5,17,0,2,6,8,0,2,7,17,0,2,8,1,0,3,8,1,1,2,3,21,1,2,4,46,1,2,5,51,1,2,6,34,1,2,7,21,1,2,8,7,1,2,9,1,1,2,10,3,1,3,7,1,1,3,8,1,,,,,,,,,,,,,,,,,,,,,,,,,,,,,,,,,,,,,,,,,,,,,,,,
id271,0,2,7,3,0,2,8,1,1,0,3,1,1,0,4,1,1,0,5,7,1,0,6,2,1,0,7,9,1,0,8,5,1,2,2,16,1,2,3,26,1,2,4,16,1,2,5,25,1,2,6,11,1,2,7,18,1,2,8,8,1,2,9,6,1,2,10,1,,,,,,,,,,,,,,,,,,,,,,,,,,,,,,,,,,,,,,,,,,,,
id272,0,0,3,13,0,0,4,7,0,0,5,24,0,0,6,3,0,2,2,11,0,2,3,15,0,2,4,11,0,2,5,11,0,2,6,5,1,0,2,1,1,0,3,7,1,0,4,2,1,0,5,8,1,0,6,3,1,2,2,5,1,2,3,6,1,2,4,5,1,2,5,2,1,2,6,8,1,2,7,1,1,2,8,5,1,2,9,2,1,2,10,2,,,,,,,,,,,,,,,,,,,,
id273,0,0,4,1,0,0,5,7,0,0,6,7,0,0,7,4,0,2,2,11,0,2,3,35,0,2,4,45,0,2,5,23,0,2,6,17,0,2,7,11,0,2,8,3,1,2,3,6,1,2,4,11,1,2,5,7,1,2,6,8,1,2,7,12,1,2,8,5,1,2,9,4,1,2,10,2,,,,,,,,,,,,,,,,,,,,,,,,,,,,,,,,,,,,
id274,0,2,4,2,0,2,5,3,0,2,6,10,0,2,7,16,0,2,9,19,1,2,4,11,1,2,5,76,1,2,6,62,1,2,7,48,1,2,8,16,1,2,9,40,1,2,10,3,,,,,,,,,,,,,,,,,,,,,,,,,,,,,,,,,,,,,,,,,,,,,,,,,,,,,,,,,,,,,,,,
id275,0,0,8,3,0,2,8,4,1,0,3,7,1,0,4,33,1,0,5,40,1,0,6,9,1,0,7,11,1,0,8,2,1,1,6,1,1,1,7,5,1,1,8,5,1,2,3,13,1,2,4,40,1,2,5,28,1,2,6,37,1,2,8,19,1,2,9,8,1,2,10,3,1,3,6,4,1,3,8,4,,,,,,,,,,,,,,,,,,,,,,,,,,,,,,,,
id276,0,2,3,5,0,2,4,12,0,2,5,15,0,2,6,13,0,2,7,8,0,2,8,15,1,2,2,2,1,2,3,14,1,2,4,34,1,2,5,34,1,2,6,18,1,2,7,16,1,2,8,22,1,2,9,3,1,2,10,1,,,,,,,,,,,,,,,,,,,,,,,,,,,,,,,,,,,,,,,,,,,,,,,,,,,,
id277,0,2,4,2,0,2,5,41,0,2,6,44,0,2,7,27,0,2,8,14,0,2,9,19,1,2,4,8,1,2,5,17,1,2,6,14,1,2,7,20,1,2,8,11,1,2,9,12,1,2,10,1,,,,,,,,,,,,,,,,,,,,,,,,,,,,,,,,,,,,,,,,,,,,,,,,,,,,,,,,,,,,
id278,1,0,5,6,1,0,6,1,1,0,7,13,1,0,8,16,1,0,9,3,1,2,4,50,1,2,5,58,1,2,6,37,1,2,7,17,1,2,8,24,1,2,9,12,1,2,10,2,,,,,,,,,,,,,,,,,,,,,,,,,,,,,,,,,,,,,,,,,,,,,,,,,,,,,,,,,,,,,,,,
id279,0,0,8,3,0,2,5,12,0,2,6,17,0,2,7,7,0,2,8,8,1,0,5,1,1,0,7,7,1,2,3,9,1,2,4,28,1,2,5,60,1,2,6,12,1,2,7,21,1,2,8,6,1,2,9,8,1,2,10,1,,,,,,,,,,,,,,,,,,,,,,,,,,,,,,,,,,,,,,,,,,,,,,,,,,,,
id280,0,0,5,2,0,0,6,5,0,0,7,8,0,2,3,28,0,2,4,40,0,2,5,41,0,2,6,12,0,2,7,15,1,0,5,3,1,0,6,5,1,0,7,5,1,2,2,7,1,2,3,36,1,2,4,37,1,2,5,35,1,2,6,29,1,2,7,33,1,2,8,19,1,2,9,4,1,2,10,2,,,,,,,,,,,,,,,,,,,,,,,,,,,,,,,,
id281,0,0,6,8,0,0,7,8,0,0,8,4,0,2,4,14,0,2,5,106,0,2,6,37,0,2,7,32,0,2,8,31,0,2,9,6,0,2,10,1,,,,,,,,,,,,,,,,,,,,,,,,,,,,,,,,,,,,,,,,,,,,,,,,,,,,,,,,,,,,,,,,,,,,,,,,
id282,0,0,7,7,0,2,2,12,0,2,3,22,0,2,4,26,0,2,5,15,0,2,6,30,0,2,7,12,0,2,8,7,0,2,9,7,0,2,10,1,,,,,,,,,,,,,,,,,,,,,,,,,,,,,,,,,,,,,,,,,,,,,,,,,,,,,,,,,,,,,,,,,,,,,,,,
id283,0,0,5,3,0,0,6,6,0,0,8,9,0,2,4,7,0,2,5,14,0,2,6,4,0,2,7,2,0,2,8,6,1,0,4,6,1,0,5,16,1,0,6,8,1,0,7,6,1,0,8,10,1,2,3,7,1,2,4,23,1,2,5,32,1,2,6,14,1,2,7,15,1,2,8,8,1,2,9,8,1,2,10,1,,,,,,,,,,,,,,,,,,,,,,,,,,,,
id284,0,2,3,21,0,2,4,64,0,2,5,33,0,2,6,32,0,2,7,25,0,2,8,10,0,2,10,3,,,,,,,,,,,,,,,,,,,,,,,,,,,,,,,,,,,,,,,,,,,,,,,,,,,,,,,,,,,,,,,,,,,,,,,,,,,,,,,,,,,,
id285,0,0,7,2,0,0,8,2,0,0,9,2,0,2,5,15,0,2,6,24,0,2,7,6,0,2,8,11,1,0,6,2,1,0,7,8,1,0,8,1,1,0,9,8,1,2,3,2,1,2,4,16,1,2,5,45,1,2,6,30,1,2,7,18,1,2,8,13,1,2,9,20,1,2,10,2,,,,,,,,,,,,,,,,,,,,,,,,,,,,,,,,,,,,
id286,0,0,8,1,0,0,9,7,0,2,5,18,0,2,6,78,0,2,7,20,0,2,8,25,0,2,9,3,1,0,9,2,1,2,4,4,1,2,5,21,1,2,6,19,1,2,7,9,1,2,8,10,1,2,9,10,1,2,10,2,,,,,,,,,,,,,,,,,,,,,,,,,,,,,,,,,,,,,,,,,,,,,,,,,,,,
id287,0,0,8,3,0,2,7,56,0,2,8,18,0,2,9,18,0,2,10,2,1,0,7,4,1,0,8,6,1,2,4,1,1,2,7,51,1,2,8,57,1,2,9,10,,,,,,,,,,,,,,,,,,,,,,,,,,,,,,,,,,,,,,,,,,,,,,,,,,,,,,,,,,,,,,,,,,,,
id288,0,2,6,17,0,2,7,20,0,2,8,24,0,2,9,12,1,2,5,18,1,2,6,144,1,2,7,61,1,2,8,47,1,2,9,30,1,2,10,1,,,,,,,,,,,,,,,,,,,,,,,,,,,,,,,,,,,,,,,,,,,,,,,,,,,,,,,,,,,,,,,,,,,,,,,,
id289,0,2,6,12,0,2,7,67,0,2,8,19,0,2,9,23,0,2,10,1,1,2,5,3,1,2,6,88,1,2,7,98,1,2,8,45,1,2,9,36,1,2,10,1,,,,,,,,,,,,,,,,,,,,,,,,,,,,,,,,,,,,,,,,,,,,,,,,,,,,,,,,,,,,,,,,,,,,
id290,0,0,8,7,0,0,9,7,0,2,7,35,0,2,8,44,0,2,9,23,1,0,6,3,1,0,7,47,1,0,8,29,1,0,9,14,1,2,6,66,1,2,7,203,1,2,8,53,1,2,9,19,1,2,10,6,,,,,,,,,,,,,,,,,,,,,,,,,,,,,,,,,,,,,,,,,,,,,,,,,,,,,,,,
id291,0,0,6,5,0,0,7,9,0,0,8,9,0,0,9,3,0,2,6,11,0,2,7,20,0,2,8,13,0,2,9,23,0,2,10,6,1,0,6,12,1,0,7,62,1,0,8,34,1,0,9,1,1,2,6,60,1,2,7,61,1,2,8,24,1,2,9,12,,,,,,,,,,,,,,,,,,,,,,,,,,,,,,,,,,,,,,,,,,,,
id292,0,0,7,5,0,2,5,6,0,2,6,17,0,2,7,23,0,2,8,5,1,0,5,1,1,0,6,7,1,0,7,12,1,0,8,5,1,0,9,3,1,2,4,36,1,2,5,45,1,2,6,24,1,2,7,25,1,2,8,8,1,2,9,18,1,2,10,3,,,,,,,,,,,,,,,,,,,,,,,,,,,,,,,,,,,,,,,,,,,,
id293,0,0,7,6,0,0,8,10,0,0,9,1,0,2,4,2,0,2,5,53,0,2,6,46,0,2,7,44,0,2,8,9,0,2,9,9,0,3,8,9,1,2,4,6,1,2,5,12,1,2,6,10,1,2,7,5,1,2,8,9,1,2,9,13,1,2,10,2,,,,,,,,,,,,,,,,,,,,,,,,,,,,,,,,,,,,,,,,,,,,
id294,0,2,6,40,0,2,7,99,0,2,8,37,0,2,9,23,0,2,10,2,1,2,5,1,1,2,6,116,1,2,7,91,1,2,8,36,1,2,9,46,,,,,,,,,,,,,,,,,,,,,,,,,,,,,,,,,,,,,,,,,,,,,,,,,,,,,,,,,,,,,,,,,,,,,,,,
id295,0,0,4,1,0,0,5,27,0,0,6,30,0,0,7,24,0,0,8,20,0,0,9,6,0,2,4,18,0,2,5,47,0,2,6,67,0,2,7,57,0,2,8,14,0,2,9,27,1,2,10,2,,,,,,,,,,,,,,,,,,,,,,,,,,,,,,,,,,,,,,,,,,,,,,,,,,,,,,,,,,,,
id296,0,2,3,4,0,2,4,14,0,2,5,42,0,2,6,50,0,2,7,32,0,2,8,15,1,2,4,19,1,2,5,70,1,2,6,31,1,2,7,20,1,2,8,34,1,2,9,6,1,2,10,3,,,,,,,,,,,,,,,,,,,,,,,,,,,,,,,,,,,,,,,,,,,,,,,,,,,,,,,,,,,,
id297,0,2,3,7,0,2,4,25,0,2,5,52,0,2,6,24,0,2,7,46,0,2,8,6,0,2,9,12,0,2,10,1,,,,,,,,,,,,,,,,,,,,,,,,,,,,,,,,,,,,,,,,,,,,,,,,,,,,,,,,,,,,,,,,,,,,,,,,,,,,,,,,
id298,0,2,8,5,0,2,9,12,1,0,6,6,1,0,7,15,1,0,8,15,1,0,9,17,1,2,6,116,1,2,7,117,1,2,8,44,1,2,9,15,1,2,10,3,,,,,,,,,,,,,,,,,,,,,,,,,,,,,,,,,,,,,,,,,,,,,,,,,,,,,,,,,,,,,,,,,,,,
id299,0,2,8,4,1,0,4,15,1,0,5,17,1,0,7,19,1,0,8,21,1,2,3,9,1,2,4,30,1,2,5,71,1,2,6,40,1,2,7,39,1,2,8,14,1,2,9,5,1,2,10,1,,,,,,,,,,,,,,,,,,,,,,,,,,,,,,,,,,,,,,,,,,,,,,,,,,,,,,,,,,,,
id300,0,2,6,7,0,2,8,13,0,2,9,15,1,2,5,6,1,2,6,60,1,2,7,25,1,2,8,20,1,2,9,30,1,2,10,1,,,,,,,,,,,,,,,,,,,,,,,,,,,,,,,,,,,,,,,,,,,,,,,,,,,,,,,,,,,,,,,,,,,,,,,,,,,,
id301,0,0,7,5,0,0,8,5,0,2,5,7,0,2,6,56,0,2,7,50,0,2,8,23,1,0,6,8,1,0,7,27,1,0,8,14,1,2,4,14,1,2,5,80,1,2,6,159,1,2,7,79,1,2,8,33,1,2,9,14,1,2,10,2,,,,,,,,,,,,,,,,,,,,,,,,,,,,,,,,,,,,,,,,,,,,,,,,
id302,1,2,4,3,1,2,5,106,1,2,6,80,1,2,7,52,1,2,8,36,1,2,9,1,1,2,10,5,,,,,,,,,,,,,,,,,,,,,,,,,,,,,,,,,,,,,,,,,,,,,,,,,,,,,,,,,,,,,,,,,,,,,,,,,,,,,,,,,,,,
id303,1,2,3,2,1,2,4,12,1,2,5,43,1,2,6,67,1,2,7,72,1,2,8,31,1,2,9,1,1,2,10,3,,,,,,,,,,,,,,,,,,,,,,,,,,,,,,,,,,,,,,,,,,,,,,,,,,,,,,,,,,,,,,,,,,,,,,,,,,,,,,,,
id304,0,0,5,19,0,0,6,34,0,0,7,20,0,0,8,20,0,2,5,89,0,2,6,81,0,2,7,42,0,2,8,40,1,2,5,14,1,2,6,15,1,2,7,10,1,2,8,11,1,2,9,2,1,2,10,2,,,,,,,,,,,,,,,,,,,,,,,,,,,,,,,,,,,,,,,,,,,,,,,,,,,,,,,,
id305,0,2,2,3,0,2,3,17,0,2,4,12,0,2,5,6,0,2,6,9,0,2,7,9,0,2,8,8,1,2,1,2,1,2,2,15,1,2,3,6,1,2,4,20,1,2,5,12,1,2,6,15,1,2,7,8,1,2,8,13,1,2,9,6,1,2,10,2,,,,,,,,,,,,,,,,,,,,,,,,,,,,,,,,,,,,,,,,,,,,
id306,0,0,8,10,0,2,5,64,0,2,6,87,0,2,7,34,0,2,8,36,0,2,9,21,0,2,10,3,1,0,9,5,1,2,5,26,1,2,6,69,1,2,7,19,1,2,8,28,1,2,9,5,,,,,,,,,,,,,,,,,,,,,,,,,,,,,,,,,,,,,,,,,,,,,,,,,,,,,,,,,,,,
id307,0,0,7,2,0,0,8,5,0,0,9,9,0,2,6,1,0,2,7,82,0,2,8,38,0,2,9,18,0,2,10,5,1,0,6,13,1,0,7,44,1,0,8,35,1,0,9,8,1,2,6,108,1,2,7,168,1,2,8,93,1,2,9,38,,,,,,,,,,,,,,,,,,,,,,,,,,,,,,,,,,,,,,,,,,,,,,,,
id308,0,2,5,9,0,2,6,21,0,2,7,2,0,2,8,6,0,2,9,10,1,2,3,3,1,2,4,20,1,2,5,42,1,2,6,26,1,2,7,21,1,2,8,32,1,2,9,11,1,2,10,1,,,,,,,,,,,,,,,,,,,,,,,,,,,,,,,,,,,,,,,,,,,,,,,,,,,,,,,,,,,,
id309,0,2,5,9,0,2,6,21,0,2,7,2,0,2,8,6,0,2,9,10,1,2,3,3,1,2,4,20,1,2,5,42,1,2,6,26,1,2,7,21,1,2,8,32,1,2,9,11,1,2,10,1,,,,,,,,,,,,,,,,,,,,,,,,,,,,,,,,,,,,,,,,,,,,,,,,,,,,,,,,,,,,
id310,0,0,5,5,0,0,6,27,0,0,7,25,0,0,8,19,0,0,9,7,0,2,5,26,0,2,6,38,0,2,7,36,0,2,8,3,0,2,9,26,0,2,10,3,1,0,5,7,1,0,6,8,1,0,7,1,1,0,8,7,1,0,9,6,1,2,5,11,1,2,6,12,1,2,7,7,1,2,8,5,1,2,9,7,,,,,,,,,,,,,,,,,,,,,,,,,,,,
id311,0,0,8,7,0,0,9,4,0,2,5,3,0,2,6,153,0,2,7,67,0,2,8,45,0,2,9,31,1,2,6,68,1,2,7,40,1,2,8,21,1,2,9,3,1,2,10,2,,,,,,,,,,,,,,,,,,,,,,,,,,,,,,,,,,,,,,,,,,,,,,,,,,,,,,,,,,,,,,,,
id312,1,2,5,110,1,2,6,143,1,2,7,131,1,2,8,50,1,2,9,21,1,2,10,3,,,,,,,,,,,,,,,,,,,,,,,,,,,,,,,,,,,,,,,,,,,,,,,,,,,,,,,,,,,,,,,,,,,,,,,,,,,,,,,,,,,,,,,,
id313,0,0,6,3,0,0,7,8,0,0,8,5,0,2,4,1,0,2,5,34,0,2,6,18,0,2,7,11,0,2,8,17,0,2,9,18,0,2,10,2,1,0,5,7,1,0,6,26,1,0,7,16,1,2,4,27,1,2,5,81,1,2,6,62,1,2,7,42,1,2,8,30,1,2,9,12,,,,,,,,,,,,,,,,,,,,,,,,,,,,,,,,,,,,
id314,0,2,5,16,0,2,6,35,0,2,7,24,0,2,8,12,0,2,9,12,0,3,6,68,0,3,7,14,0,3,8,7,1,2,5,52,1,2,6,47,1,2,7,33,1,2,8,27,1,2,9,11,1,3,5,19,1,3,6,79,1,3,7,57,1,3,8,9,1,3,9,1,1,3,10,1,,,,,,,,,,,,,,,,,,,,,,,,,,,,,,,,,,,,
id315,0,2,6,1,0,2,7,16,1,0,8,2,1,0,9,2,1,2,4,6,1,2,5,46,1,2,6,141,1,2,7,62,1,2,8,32,1,2,9,16,1,2,10,3,,,,,,,,,,,,,,,,,,,,,,,,,,,,,,,,,,,,,,,,,,,,,,,,,,,,,,,,,,,,,,,,,,,,
id316,0,0,5,1,0,0,6,4,0,0,7,9,0,0,8,8,0,0,9,4,0,2,5,5,0,2,6,82,0,2,7,19,0,2,8,11,0,2,9,12,1,0,5,9,1,0,6,12,1,0,7,12,1,0,8,13,1,2,5,50,1,2,6,83,1,2,7,40,1,2,8,34,1,2,9,3,1,2,10,2,,,,,,,,,,,,,,,,,,,,,,,,,,,,,,,,
id317,0,0,9,3,0,2,5,19,0,2,6,18,0,2,7,26,0,2,8,32,0,2,9,19,1,0,8,5,1,0,9,8,1,2,5,47,1,2,6,117,1,2,7,49,1,2,8,24,1,2,9,15,1,2,10,2,,,,,,,,,,,,,,,,,,,,,,,,,,,,,,,,,,,,,,,,,,,,,,,,,,,,,,,,
id318,0,0,5,3,0,0,6,7,0,0,7,9,0,0,8,10,0,2,5,30,0,2,6,93,0,2,7,30,1,0,5,1,1,0,6,13,1,0,7,9,1,0,8,9,1,2,5,54,1,2,6,65,1,2,7,22,1,2,8,16,1,2,10,6,,,,,,,,,,,,,,,,,,,,,,,,,,,,,,,,,,,,,,,,,,,,,,,,
id319,0,0,5,3,0,0,6,10,0,0,7,2,0,0,8,26,0,0,9,4,0,2,4,6,0,2,5,22,0,2,6,51,0,2,7,22,0,2,8,35,0,2,9,7,1,2,5,2,1,2,6,14,1,2,7,5,1,2,8,9,1,2,9,8,1,2,10,1,,,,,,,,,,,,,,,,,,,,,,,,,,,,,,,,,,,,,,,,,,,,
id320,0,0,8,2,0,0,9,9,0,2,6,13,0,2,7,92,0,2,8,50,0,2,9,24,1,0,8,2,1,0,9,4,1,2,6,25,1,2,7,82,1,2,8,47,1,2,9,16,1,2,10,4,,,,,,,,,,,,,,,,,,,,,,,,,,,,,,,,,,,,,,,,,,,,,,,,,,,,,,,,,,,,
id321,0,2,4,23,0,2,5,23,0,2,6,42,0,2,7,27,0,2,8,9,1,2,4,66,1,2,5,37,1,2,6,53,1,2,7,43,1,2,8,7,1,2,9,6,1,2,10,1,,,,,,,,,,,,,,,,,,,,,,,,,,,,,,,,,,,,,,,,,,,,,,,,,,,,,,,,,,,,,,,,
id322,0,0,7,6,0,0,8,10,0,2,5,25,0,2,6,44,0,2,7,15,0,2,8,26,1,0,5,2,1,0,6,2,1,0,7,7,1,0,8,10,1,2,5,95,1,2,6,42,1,2,7,18,1,2,8,20,1,2,9,3,1,2,10,2,,,,,,,,,,,,,,,,,,,,,,,,,,,,,,,,,,,,,,,,,,,,,,,,
id323,0,0,7,2,0,0,8,7,0,2,6,8,0,2,7,30,0,2,8,17,1,0,6,34,1,0,7,24,1,0,8,16,1,0,9,5,1,2,5,14,1,2,6,152,1,2,7,63,1,2,8,34,1,2,9,6,1,2,10,2,,,,,,,,,,,,,,,,,,,,,,,,,,,,,,,,,,,,,,,,,,,,,,,,,,,,
id324,0,0,5,9,0,0,6,50,0,0,7,65,0,0,8,30,0,0,9,7,0,2,5,22,0,2,6,31,0,2,7,28,0,2,8,15,0,2,9,1,1,0,5,20,1,0,6,24,1,0,7,18,1,0,8,26,1,0,9,21,1,0,10,2,1,2,5,4,1,2,6,8,1,2,7,9,1,2,8,8,1,2,9,2,,,,,,,,,,,,,,,,,,,,,,,,,,,,
id325,1,0,5,5,1,0,6,3,1,0,7,11,1,0,8,18,1,2,4,9,1,2,5,79,1,2,6,39,1,2,7,24,1,2,8,24,1,2,9,5,1,2,10,2,,,,,,,,,,,,,,,,,,,,,,,,,,,,,,,,,,,,,,,,,,,,,,,,,,,,,,,,,,,,,,,,,,,,
id326,0,2,4,4,0,2,5,10,0,2,6,2,0,2,7,5,1,2,2,4,1,2,3,25,1,2,4,53,1,2,5,47,1,2,6,42,1,2,7,32,1,2,8,7,1,2,9,8,1,2,10,1,,,,,,,,,,,,,,,,,,,,,,,,,,,,,,,,,,,,,,,,,,,,,,,,,,,,,,,,,,,,
id327,0,0,9,6,0,2,7,28,0,2,8,14,0,2,9,26,0,2,10,4,1,0,6,6,1,0,7,20,1,0,8,22,1,0,9,16,1,2,4,22,1,2,5,41,1,2,6,112,1,2,7,105,1,2,8,33,1,2,9,12,,,,,,,,,,,,,,,,,,,,,,,,,,,,,,,,,,,,,,,,,,,,,,,,,,,,
id328,0,2,8,2,0,2,9,2,1,0,6,24,1,0,7,35,1,0,8,41,1,0,9,21,1,2,5,4,1,2,6,82,1,2,7,159,1,2,8,61,1,2,9,12,1,2,10,2,,,,,,,,,,,,,,,,,,,,,,,,,,,,,,,,,,,,,,,,,,,,,,,,,,,,,,,,,,,,,,,,
id329,1,2,6,8,1,2,7,192,1,2,8,105,1,2,9,79,1,2,10,6,,,,,,,,,,,,,,,,,,,,,,,,,,,,,,,,,,,,,,,,,,,,,,,,,,,,,,,,,,,,,,,,,,,,,,,,,,,,,,,,,,,,,,,,,,,,
id330,0,0,8,1,0,0,9,8,0,2,3,3,0,2,4,18,0,2,5,56,0,2,6,52,0,2,7,30,0,2,8,39,0,2,9,19,1,2,3,5,1,2,4,10,1,2,5,16,1,2,6,12,1,2,7,13,1,2,8,22,1,2,9,15,1,2,10,3,,,,,,,,,,,,,,,,,,,,,,,,,,,,,,,,,,,,,,,,,,,,
id331,0,0,4,4,0,0,5,1,0,0,6,10,0,0,7,10,0,0,8,34,0,0,9,12,0,2,4,4,0,2,5,33,0,2,6,22,0,2,7,20,0,2,8,35,0,2,9,1,1,0,4,21,1,0,5,6,1,0,6,12,1,0,7,30,1,0,8,25,1,2,4,12,1,2,5,28,1,2,6,35,1,2,7,27,1,2,8,21,1,2,9,8,1,2,10,2,,,,,,,,,,,,,,,,
id332,0,2,8,10,0,2,9,16,1,0,6,8,1,0,7,16,1,0,8,21,1,0,9,20,1,0,10,4,1,2,6,136,1,2,7,192,1,2,8,91,1,2,9,19,,,,,,,,,,,,,,,,,,,,,,,,,,,,,,,,,,,,,,,,,,,,,,,,,,,,,,,,,,,,,,,,,,,,
id333,0,2,7,16,0,2,8,7,0,2,9,24,1,2,5,6,1,2,6,100,1,2,7,122,1,2,8,50,1,2,9,48,1,2,10,8,,,,,,,,,,,,,,,,,,,,,,,,,,,,,,,,,,,,,,,,,,,,,,,,,,,,,,,,,,,,,,,,,,,,,,,,,,,,
id334,0,2,4,18,0,2,5,84,0,2,6,32,0,2,7,30,0,2,8,7,1,2,4,12,1,2,5,44,1,2,6,31,1,2,7,15,1,2,8,3,1,2,10,4,,,,,,,,,,,,,,,,,,,,,,,,,,,,,,,,,,,,,,,,,,,,,,,,,,,,,,,,,,,,,,,,,,,,
id335,0,0,8,4,0,0,9,8,0,2,6,77,0,2,7,95,0,2,8,39,0,2,9,2,1,0,7,3,1,0,8,8,1,0,9,11,1,2,5,13,1,2,6,136,1,2,7,91,1,2,8,39,1,2,9,8,1,2,10,3,,,,,,,,,,,,,,,,,,,,,,,,,,,,,,,,,,,,,,,,,,,,,,,,,,,,
id336,0,0,5,1,0,0,6,3,0,0,7,8,0,0,8,10,0,2,5,43,0,2,6,28,0,2,7,14,0,2,8,17,1,0,5,16,1,0,7,19,1,2,4,12,1,2,5,103,1,2,6,42,1,2,7,31,1,2,8,8,1,2,9,13,1,2,10,2,,,,,,,,,,,,,,,,,,,,,,,,,,,,,,,,,,,,,,,,,,,,
id337,0,2,5,4,0,2,6,44,0,2,7,43,0,2,8,43,1,2,5,32,1,2,6,142,1,2,7,45,1,2,8,30,1,2,9,16,1,2,10,2,,,,,,,,,,,,,,,,,,,,,,,,,,,,,,,,,,,,,,,,,,,,,,,,,,,,,,,,,,,,,,,,,,,,,,,,
id338,0,2,5,4,0,2,6,44,0,2,7,43,0,2,8,43,1,2,5,32,1,2,6,142,1,2,7,45,1,2,8,30,1,2,9,16,1,2,10,2,,,,,,,,,,,,,,,,,,,,,,,,,,,,,,,,,,,,,,,,,,,,,,,,,,,,,,,,,,,,,,,,,,,,,,,,
id339,0,0,6,2,0,0,7,5,0,0,8,6,0,0,9,5,0,2,5,12,0,2,6,16,0,2,7,11,0,2,8,8,0,2,9,21,1,0,4,3,1,0,5,29,1,0,6,13,1,0,7,17,1,0,8,10,1,0,9,4,1,2,4,54,1,2,5,79,1,2,6,34,1,2,7,58,1,2,8,48,1,2,9,21,1,2,10,6,,,,,,,,,,,,,,,,,,,,,,,,
id340,0,2,6,8,0,2,7,3,0,2,8,12,0,2,9,13,0,2,10,1,1,2,5,70,1,2,6,76,1,2,7,58,1,2,8,40,1,2,9,10,,,,,,,,,,,,,,,,,,,,,,,,,,,,,,,,,,,,,,,,,,,,,,,,,,,,,,,,,,,,,,,,,,,,,,,,
id341,0,0,5,1,0,0,6,2,0,0,7,6,0,0,8,4,0,0,9,7,0,0,10,1,0,2,3,2,0,2,4,7,0,2,5,13,0,2,6,45,0,2,7,14,0,2,8,13,0,2,9,6,0,2,10,1,1,0,5,3,1,0,6,8,1,0,7,14,1,0,8,9,1,2,2,3,1,2,3,5,1,2,4,6,1,2,5,37,1,2,6,69,1,2,7,69,1,2,8,8,,,,,,,,,,,,
id342,0,2,6,9,0,2,7,13,0,2,8,15,1,0,7,4,1,0,8,10,1,0,9,14,1,2,5,119,1,2,6,103,1,2,7,47,1,2,8,34,1,2,9,7,1,2,10,2,,,,,,,,,,,,,,,,,,,,,,,,,,,,,,,,,,,,,,,,,,,,,,,,,,,,,,,,,,,,,,,,
id343,0,0,5,32,0,0,6,39,0,0,7,45,0,0,8,37,0,2,5,46,0,2,6,100,0,2,7,60,0,2,8,36,0,2,9,6,0,2,10,2,,,,,,,,,,,,,,,,,,,,,,,,,,,,,,,,,,,,,,,,,,,,,,,,,,,,,,,,,,,,,,,,,,,,,,,,
id344,1,0,5,1,1,0,6,18,1,0,7,19,1,0,8,13,1,2,5,72,1,2,6,158,1,2,7,75,1,2,8,33,1,2,10,4,,,,,,,,,,,,,,,,,,,,,,,,,,,,,,,,,,,,,,,,,,,,,,,,,,,,,,,,,,,,,,,,,,,,,,,,,,,,
id345,0,2,4,2,0,2,5,22,0,2,6,44,0,2,7,26,0,2,8,6,1,2,3,4,1,2,4,44,1,2,5,46,1,2,6,44,1,2,7,28,1,2,8,35,1,2,9,7,1,2,10,2,,,,,,,,,,,,,,,,,,,,,,,,,,,,,,,,,,,,,,,,,,,,,,,,,,,,,,,,,,,,
id346,0,2,4,1,0,2,5,37,0,2,6,15,0,2,7,27,0,2,8,9,1,2,4,16,1,2,5,83,1,2,6,42,1,2,7,24,1,2,8,9,1,2,9,1,1,2,10,3,,,,,,,,,,,,,,,,,,,,,,,,,,,,,,,,,,,,,,,,,,,,,,,,,,,,,,,,,,,,,,,,
id347,0,2,4,16,0,2,5,11,0,2,6,26,0,2,7,12,1,2,4,18,1,2,5,24,1,2,6,19,1,2,7,17,1,2,8,11,1,2,9,7,1,2,10,1,,,,,,,,,,,,,,,,,,,,,,,,,,,,,,,,,,,,,,,,,,,,,,,,,,,,,,,,,,,,,,,,,,,,
id348,0,0,7,11,0,0,8,11,0,0,9,11,0,0,10,2,0,2,5,1,0,2,6,49,0,2,7,91,0,2,8,50,0,2,9,11,1,0,6,5,1,0,7,7,1,0,8,8,1,2,5,9,1,2,6,56,1,2,7,90,1,2,8,24,1,2,9,17,1,2,10,2,,,,,,,,,,,,,,,,,,,,,,,,,,,,,,,,,,,,,,,,
id349,0,0,8,4,0,0,9,8,0,2,5,17,0,2,6,65,0,2,7,48,0,2,8,21,0,2,9,25,1,0,8,2,1,0,9,5,1,2,5,33,1,2,6,39,1,2,7,28,1,2,8,21,1,2,9,19,1,2,10,2,,,,,,,,,,,,,,,,,,,,,,,,,,,,,,,,,,,,,,,,,,,,,,,,,,,,
id350,1,2,3,9,1,2,4,53,1,2,5,66,1,2,6,57,1,2,7,17,1,2,8,3,1,2,9,3,1,2,10,2,,,,,,,,,,,,,,,,,,,,,,,,,,,,,,,,,,,,,,,,,,,,,,,,,,,,,,,,,,,,,,,,,,,,,,,,,,,,,,,,
id351,0,0,9,3,0,2,7,5,0,2,8,35,0,2,9,14,1,0,6,14,1,0,7,30,1,0,8,32,1,0,9,6,1,2,5,36,1,2,6,113,1,2,7,176,1,2,8,57,1,2,9,30,1,2,10,1,1,3,8,4,1,3,9,11,,,,,,,,,,,,,,,,,,,,,,,,,,,,,,,,,,,,,,,,,,,,,,,,
id352,0,0,8,9,0,2,4,3,0,2,5,95,0,2,6,75,0,2,7,28,0,2,8,20,1,2,4,12,1,2,5,50,1,2,6,25,1,2,7,25,1,2,8,19,1,2,9,13,1,2,10,2,,,,,,,,,,,,,,,,,,,,,,,,,,,,,,,,,,,,,,,,,,,,,,,,,,,,,,,,,,,,
id353,0,0,9,3,0,2,9,5,0,2,10,1,1,0,5,2,1,0,6,28,1,0,7,10,1,0,8,14,1,0,9,6,1,2,4,2,1,2,5,41,1,2,6,73,1,2,7,44,1,2,8,36,1,2,9,14,,,,,,,,,,,,,,,,,,,,,,,,,,,,,,,,,,,,,,,,,,,,,,,,,,,,,,,,
id354,0,0,6,21,0,0,7,26,0,0,8,19,0,0,9,13,0,2,6,16,0,2,7,107,0,2,8,30,0,2,9,7,1,0,6,36,1,0,7,29,1,0,8,21,1,0,9,3,1,2,5,1,1,2,6,38,1,2,7,59,1,2,8,35,1,2,9,27,1,2,10,2,,,,,,,,,,,,,,,,,,,,,,,,,,,,,,,,,,,,,,,,
id355,1,2,5,66,1,2,6,133,1,2,7,117,1,2,8,96,1,2,9,37,1,2,10,1,,,,,,,,,,,,,,,,,,,,,,,,,,,,,,,,,,,,,,,,,,,,,,,,,,,,,,,,,,,,,,,,,,,,,,,,,,,,,,,,,,,,,,,,
id356,1,0,9,12,1,2,4,5,1,2,5,60,1,2,6,46,1,2,7,67,1,2,8,59,1,2,9,23,1,2,10,2,,,,,,,,,,,,,,,,,,,,,,,,,,,,,,,,,,,,,,,,,,,,,,,,,,,,,,,,,,,,,,,,,,,,,,,,,,,,,,,,
id357,0,2,6,28,0,2,7,126,0,2,8,51,0,2,9,51,0,2,10,4,1,2,6,17,1,2,7,23,1,2,8,20,1,2,9,2,,,,,,,,,,,,,,,,,,,,,,,,,,,,,,,,,,,,,,,,,,,,,,,,,,,,,,,,,,,,,,,,,,,,,,,,,,,,
id358,0,0,5,2,0,0,6,5,0,0,7,1,0,0,8,9,0,2,5,4,0,2,6,27,0,2,7,4,0,2,8,12,1,0,4,3,1,0,5,20,1,0,6,2,1,0,7,12,1,0,8,11,1,0,9,5,1,2,4,8,1,2,5,46,1,2,6,42,1,2,7,14,1,2,8,7,1,2,9,12,1,2,10,1,,,,,,,,,,,,,,,,,,,,,,,,,,,,
id359,0,0,7,10,0,0,8,5,0,0,9,15,0,2,6,9,0,2,7,32,0,2,8,26,0,2,9,8,1,0,5,1,1,0,6,24,1,0,7,37,1,0,8,12,1,0,9,21,1,0,10,1,1,2,5,5,1,2,6,68,1,2,7,108,1,2,8,32,1,2,9,11,,,,,,,,,,,,,,,,,,,,,,,,,,,,,,,,,,,,,,,,
id360,0,0,8,8,0,0,9,7,0,0,10,2,0,2,5,8,0,2,6,70,0,2,7,56,0,2,8,31,0,2,9,9,1,0,9,2,1,2,5,20,1,2,6,29,1,2,7,34,1,2,8,11,1,2,9,18,,,,,,,,,,,,,,,,,,,,,,,,,,,,,,,,,,,,,,,,,,,,,,,,,,,,,,,,
id361,0,0,8,3,0,0,9,8,0,2,6,4,0,2,7,49,0,2,8,24,0,2,9,22,0,3,9,1,1,0,7,16,1,0,8,28,1,0,9,14,1,0,10,4,1,2,6,32,1,2,7,126,1,2,8,48,1,2,10,3,1,3,8,5,1,3,9,10,,,,,,,,,,,,,,,,,,,,,,,,,,,,,,,,,,,,,,,,,,,,
id362,1,0,7,7,1,0,8,14,1,0,9,8,1,2,6,80,1,2,7,79,1,2,8,76,1,2,9,14,1,2,10,2,,,,,,,,,,,,,,,,,,,,,,,,,,,,,,,,,,,,,,,,,,,,,,,,,,,,,,,,,,,,,,,,,,,,,,,,,,,,,,,,
id363,1,0,5,28,1,0,6,76,1,0,7,29,1,0,8,10,1,0,9,2,1,2,4,11,1,2,5,95,1,2,6,76,1,2,7,83,1,2,8,51,1,2,9,31,1,2,10,3,,,,,,,,,,,,,,,,,,,,,,,,,,,,,,,,,,,,,,,,,,,,,,,,,,,,,,,,,,,,,,,,
id364,1,0,7,68,1,0,8,65,1,0,9,51,1,0,10,2,1,2,6,21,1,2,7,98,1,2,8,100,1,2,9,53,1,2,10,1,,,,,,,,,,,,,,,,,,,,,,,,,,,,,,,,,,,,,,,,,,,,,,,,,,,,,,,,,,,,,,,,,,,,,,,,,,,,
id365,0,2,5,24,0,2,6,120,0,2,7,85,0,2,8,27,0,2,9,6,0,3,7,11,0,3,8,7,1,2,5,46,1,2,6,68,1,2,7,30,1,2,8,32,1,2,9,17,1,2,10,2,1,3,7,6,1,3,8,10,,,,,,,,,,,,,,,,,,,,,,,,,,,,,,,,,,,,,,,,,,,,,,,,,,,,
id366,0,0,7,2,0,0,8,19,0,0,9,17,0,2,6,72,0,2,7,90,0,2,8,48,0,2,9,20,1,0,7,1,1,2,6,52,1,2,7,24,1,2,8,27,1,2,9,2,1,2,10,3,,,,,,,,,,,,,,,,,,,,,,,,,,,,,,,,,,,,,,,,,,,,,,,,,,,,,,,,,,,,
id367,0,2,4,13,0,2,5,48,0,2,6,35,0,2,7,29,0,2,8,14,1,2,4,11,1,2,5,19,1,2,6,13,1,2,7,9,1,2,8,9,1,2,9,10,1,2,10,1,,,,,,,,,,,,,,,,,,,,,,,,,,,,,,,,,,,,,,,,,,,,,,,,,,,,,,,,,,,,,,,,
id368,0,0,7,1,0,0,8,3,0,0,9,7,0,2,6,10,0,2,7,35,0,2,8,16,0,2,9,12,0,2,10,4,1,0,6,17,1,0,7,19,1,0,8,14,1,0,9,3,1,2,6,111,1,2,7,90,1,2,8,58,1,2,9,6,,,,,,,,,,,,,,,,,,,,,,,,,,,,,,,,,,,,,,,,,,,,,,,,
id369,0,0,6,6,0,0,7,15,0,0,8,17,0,0,9,6,0,2,5,46,0,2,6,126,0,2,7,60,0,2,8,43,0,2,9,19,1,2,5,8,1,2,6,35,1,2,7,23,1,2,8,24,1,2,9,9,1,2,10,2,,,,,,,,,,,,,,,,,,,,,,,,,,,,,,,,,,,,,,,,,,,,,,,,,,,,
id370,0,0,5,10,0,0,6,5,0,0,7,14,0,0,8,14,0,0,9,3,0,2,4,14,0,2,5,76,0,2,6,27,0,2,7,27,0,2,8,8,0,2,9,12,1,2,4,5,1,2,5,17,1,2,6,13,1,2,7,2,1,2,8,13,1,2,9,11,1,2,10,2,,,,,,,,,,,,,,,,,,,,,,,,,,,,,,,,,,,,,,,,
id371,0,2,7,2,0,2,8,12,0,2,9,1,1,2,3,10,1,2,4,14,1,2,5,109,1,2,6,61,1,2,7,60,1,2,8,27,1,2,9,14,1,2,10,3,,,,,,,,,,,,,,,,,,,,,,,,,,,,,,,,,,,,,,,,,,,,,,,,,,,,,,,,,,,,,,,,,,,,
id372,0,0,6,10,0,0,7,4,0,0,8,9,0,2,4,3,0,2,5,16,0,2,6,33,0,2,7,9,0,2,8,5,0,2,9,9,1,0,5,9,1,0,6,9,1,0,7,9,1,0,8,9,1,0,9,5,1,2,3,5,1,2,4,16,1,2,5,13,1,2,6,28,1,2,7,21,1,2,8,13,1,2,9,19,1,2,10,2,,,,,,,,,,,,,,,,,,,,,,,,
id373,1,2,3,15,1,2,4,54,1,2,5,49,1,2,6,40,1,2,7,17,1,2,8,28,1,2,9,23,1,2,10,2,,,,,,,,,,,,,,,,,,,,,,,,,,,,,,,,,,,,,,,,,,,,,,,,,,,,,,,,,,,,,,,,,,,,,,,,,,,,,,,,
id374,1,2,5,36,1,2,6,212,1,2,7,205,1,2,8,86,1,2,9,15,1,2,10,1,,,,,,,,,,,,,,,,,,,,,,,,,,,,,,,,,,,,,,,,,,,,,,,,,,,,,,,,,,,,,,,,,,,,,,,,,,,,,,,,,,,,,,,,
id375,1,2,5,17,1,2,6,160,1,2,7,123,1,2,8,62,1,2,9,29,1,2,10,4,,,,,,,,,,,,,,,,,,,,,,,,,,,,,,,,,,,,,,,,,,,,,,,,,,,,,,,,,,,,,,,,,,,,,,,,,,,,,,,,,,,,,,,,
id376,0,0,5,2,0,0,6,6,0,0,7,7,0,0,8,9,0,2,3,13,0,2,4,51,0,2,5,20,0,2,6,30,0,2,7,7,0,2,8,10,1,0,5,5,1,0,7,6,1,0,8,5,1,2,3,36,1,2,4,26,1,2,5,20,1,2,6,28,1,2,7,20,1,2,8,27,1,2,9,11,1,2,10,3,,,,,,,,,,,,,,,,,,,,,,,,,,,,
id377,0,2,5,2,0,2,6,30,0,2,7,17,0,2,8,10,0,2,9,11,1,2,5,45,1,2,6,115,1,2,7,66,1,2,8,36,1,2,9,9,1,2,10,2,,,,,,,,,,,,,,,,,,,,,,,,,,,,,,,,,,,,,,,,,,,,,,,,,,,,,,,,,,,,,,,,,,,,
id378,1,2,4,7,1,2,5,57,1,2,6,33,1,2,7,32,1,2,8,29,1,2,9,11,1,2,10,2,,,,,,,,,,,,,,,,,,,,,,,,,,,,,,,,,,,,,,,,,,,,,,,,,,,,,,,,,,,,,,,,,,,,,,,,,,,,,,,,,,,,
id379,0,0,5,6,0,0,6,10,0,0,7,17,0,0,8,25,0,2,5,59,0,2,6,55,0,2,7,14,0,2,8,10,1,0,5,3,1,0,6,8,1,0,7,2,1,2,5,39,1,2,6,28,1,2,7,14,1,2,8,13,1,2,9,1,1,2,10,3,,,,,,,,,,,,,,,,,,,,,,,,,,,,,,,,,,,,,,,,,,,,
id380,0,0,6,1,0,0,7,1,0,0,8,6,0,0,9,1,0,2,2,9,0,2,3,14,0,2,4,4,0,2,5,37,0,2,6,18,0,2,7,4,0,2,8,13,0,2,9,5,1,0,7,1,1,0,9,3,1,2,2,11,1,2,3,22,1,2,4,14,1,2,5,16,1,2,6,18,1,2,7,9,1,2,8,26,1,2,9,18,1,2,10,3,,,,,,,,,,,,,,,,,,,,
id381,0,0,5,14,0,0,6,4,0,0,7,10,0,2,4,9,0,2,5,42,0,2,6,11,0,2,7,1,0,2,8,7,0,2,9,5,1,0,4,5,1,0,5,17,1,0,6,9,1,0,7,4,1,0,8,7,1,2,3,5,1,2,4,23,1,2,5,21,1,2,6,30,1,2,7,7,1,2,8,10,1,2,9,6,1,2,10,3,,,,,,,,,,,,,,,,,,,,,,,,
id382,0,2,6,8,0,2,7,10,0,2,8,1,0,2,9,14,0,2,10,4,1,2,5,20,1,2,6,139,1,2,7,82,1,2,8,13,1,2,9,6,,,,,,,,,,,,,,,,,,,,,,,,,,,,,,,,,,,,,,,,,,,,,,,,,,,,,,,,,,,,,,,,,,,,,,,,
id383,0,0,7,6,0,0,8,10,0,2,3,6,0,2,4,18,0,2,5,91,0,2,6,77,0,2,7,28,0,2,8,17,0,2,9,29,0,2,10,2,,,,,,,,,,,,,,,,,,,,,,,,,,,,,,,,,,,,,,,,,,,,,,,,,,,,,,,,,,,,,,,,,,,,,,,,
id384,0,2,7,1,0,2,8,26,0,2,9,2,1,0,6,6,1,0,7,2,1,0,8,18,1,0,9,22,1,2,4,1,1,2,5,35,1,2,6,147,1,2,7,59,1,2,8,51,1,2,9,30,1,2,10,2,,,,,,,,,,,,,,,,,,,,,,,,,,,,,,,,,,,,,,,,,,,,,,,,,,,,,,,,
id385,0,2,5,21,0,2,6,30,0,2,7,41,0,2,8,15,0,3,5,3,0,3,6,4,0,3,7,8,0,3,8,2,0,3,9,8,1,2,5,23,1,2,6,61,1,2,7,41,1,2,8,24,1,2,9,5,1,2,10,2,1,3,5,7,1,3,6,7,1,3,7,9,1,3,8,3,1,3,9,8,,,,,,,,,,,,,,,,,,,,,,,,,,,,,,,,
id386,1,0,7,4,1,0,8,8,1,2,4,46,1,2,5,55,1,2,6,39,1,2,7,23,1,2,8,34,1,2,9,7,1,2,10,2,,,,,,,,,,,,,,,,,,,,,,,,,,,,,,,,,,,,,,,,,,,,,,,,,,,,,,,,,,,,,,,,,,,,,,,,,,,,
id387,0,0,9,5,0,2,5,1,0,2,6,20,0,2,7,3,0,2,8,7,0,2,9,2,1,0,5,6,1,0,6,1,1,0,7,11,1,0,8,1,1,0,9,10,1,2,4,21,1,2,5,49,1,2,6,43,1,2,7,30,1,2,8,13,1,2,9,7,1,2,10,1,,,,,,,,,,,,,,,,,,,,,,,,,,,,,,,,,,,,,,,,
id388,0,0,9,5,0,2,5,1,0,2,6,20,0,2,7,3,0,2,8,7,0,2,9,2,1,0,5,6,1,0,6,1,1,0,7,11,1,0,8,1,1,0,9,10,1,2,4,21,1,2,5,49,1,2,6,43,1,2,7,30,1,2,8,13,1,2,9,7,1,2,10,1,,,,,,,,,,,,,,,,,,,,,,,,,,,,,,,,,,,,,,,,
id389,0,0,9,2,0,2,6,21,0,2,7,53,0,2,8,40,0,2,9,17,1,0,8,7,1,0,9,11,1,2,5,29,1,2,6,114,1,2,7,92,1,2,8,37,1,2,9,19,1,2,10,2,,,,,,,,,,,,,,,,,,,,,,,,,,,,,,,,,,,,,,,,,,,,,,,,,,,,,,,,,,,,
id390,0,0,8,1,0,0,9,1,0,2,7,36,0,2,8,19,1,0,6,11,1,0,7,16,1,0,8,22,1,0,9,13,1,2,5,59,1,2,6,182,1,2,7,70,1,2,8,37,1,2,9,18,1,2,10,8,,,,,,,,,,,,,,,,,,,,,,,,,,,,,,,,,,,,,,,,,,,,,,,,,,,,,,,,
id391,0,2,7,15,0,2,8,5,0,2,9,8,1,2,5,115,1,2,6,123,1,2,7,86,1,2,8,46,1,2,9,13,1,2,10,3,,,,,,,,,,,,,,,,,,,,,,,,,,,,,,,,,,,,,,,,,,,,,,,,,,,,,,,,,,,,,,,,,,,,,,,,,,,,
id392,0,2,5,12,0,2,6,33,0,2,7,30,0,2,8,3,1,2,5,89,1,2,6,177,1,2,7,78,1,2,8,66,1,2,10,3,,,,,,,,,,,,,,,,,,,,,,,,,,,,,,,,,,,,,,,,,,,,,,,,,,,,,,,,,,,,,,,,,,,,,,,,,,,,
id393,0,2,5,12,0,2,6,33,0,2,7,30,0,2,8,3,1,2,5,89,1,2,6,177,1,2,7,78,1,2,8,66,1,2,10,3,,,,,,,,,,,,,,,,,,,,,,,,,,,,,,,,,,,,,,,,,,,,,,,,,,,,,,,,,,,,,,,,,,,,,,,,,,,,
id394,0,2,5,11,0,2,6,65,0,2,7,24,0,2,8,21,0,2,9,20,1,2,5,42,1,2,6,73,1,2,7,45,1,2,8,34,1,2,9,17,1,2,10,2,,,,,,,,,,,,,,,,,,,,,,,,,,,,,,,,,,,,,,,,,,,,,,,,,,,,,,,,,,,,,,,,,,,,
id395,1,0,4,3,1,0,5,36,1,0,6,38,1,0,7,11,1,0,8,4,1,0,9,11,1,0,10,6,1,2,4,5,1,2,5,63,1,2,6,89,1,2,7,22,1,2,8,20,1,2,9,7,,,,,,,,,,,,,,,,,,,,,,,,,,,,,,,,,,,,,,,,,,,,,,,,,,,,,,,,,,,,
id396,0,2,6,5,0,2,7,10,1,0,4,1,1,0,5,17,1,0,6,10,1,0,7,13,1,2,4,66,1,2,5,60,1,2,6,28,1,2,7,16,1,2,8,7,1,2,9,4,1,2,10,2,,,,,,,,,,,,,,,,,,,,,,,,,,,,,,,,,,,,,,,,,,,,,,,,,,,,,,,,,,,,
id397,0,2,6,66,0,2,7,34,0,2,8,25,1,2,6,197,1,2,7,42,1,2,8,37,1,2,9,4,1,2,10,2,,,,,,,,,,,,,,,,,,,,,,,,,,,,,,,,,,,,,,,,,,,,,,,,,,,,,,,,,,,,,,,,,,,,,,,,,,,,,,,,
id398,0,0,5,1,0,0,6,6,0,0,7,5,0,0,8,7,0,2,4,11,0,2,5,42,0,2,6,6,0,2,7,14,0,2,8,6,0,2,9,10,0,2,10,1,1,0,5,5,1,0,6,6,1,0,7,4,1,0,8,4,1,2,4,34,1,2,5,19,1,2,6,29,1,2,7,23,1,2,8,16,1,2,9,10,,,,,,,,,,,,,,,,,,,,,,,,,,,,
id399,0,0,10,2,0,2,7,18,0,2,9,10,0,2,10,2,1,0,6,7,1,0,7,8,1,0,8,2,1,0,9,14,1,2,5,10,1,2,6,150,1,2,7,94,1,2,8,30,1,2,9,40,,,,,,,,,,,,,,,,,,,,,,,,,,,,,,,,,,,,,,,,,,,,,,,,,,,,,,,,,,,,
id400,0,0,6,3,0,0,7,9,0,0,8,16,0,0,9,4,0,2,5,8,0,2,6,101,0,2,7,35,0,2,8,22,1,0,6,6,1,0,7,11,1,0,8,11,1,0,9,12,1,2,4,11,1,2,5,35,1,2,6,57,1,2,7,40,1,2,8,31,1,2,9,8,1,2,10,3,,,,,,,,,,,,,,,,,,,,,,,,,,,,,,,,,,,,
