Paciente1
0.0,0.0,21.6,0.0,15.899999999999999,0.0,168.1,0.0,
Paciente2
16.1,0.0,133.0,0.0,0.0,0.0,0.0,0.0,
Paciente3
33.4,0.0,84.39999999999999,0.0,0.0,0.0,44.5,0.0,
Paciente4
0.0,0.0,17.4,0.0,0.0,0.0,131.7,0.0,
Paciente5
2.7,0.0,115.0,0.0,0.0,0.0,11.7,0.0,
Paciente6
5.3999999999999995,0.0,24.4,1.7999999999999998,15.8,1.4,79.0,4.699999999999999,
Paciente7
0.0,0.0,46.6,0.0,0.0,0.0,109.10000000000001,0.0,
Paciente8
8.0,0.0,25.700000000000003,0.0,33.7,0.0,118.10000000000001,0.0,
Paciente9
38.2,0.0,30.0,0.0,35.0,0.0,46.7,0.0,
Paciente10
0.0,0.0,0.0,0.0,0.0,0.0,133.89999999999998,0.0,
Paciente11
10.399999999999999,0.0,36.8,0.0,22.299999999999997,0.0,78.7,0.0,
Paciente12
18.9,0.0,85.5,0.0,0.0,0.0,41.800000000000004,0.0,
Paciente13
19.199999999999996,0.0,51.699999999999996,0.0,25.2,0.0,92.10000000000001,0.0,
Paciente14
0.0,0.0,32.2,0.0,0.0,0.0,148.1,0.0,
Paciente15
2.7,0.0,63.6,0.0,5.4,0.0,89.60000000000001,0.0,
Paciente16
9.3,0.0,19.3,0.0,26.200000000000003,0.0,82.3,0.0,
Paciente17
0.0,0.0,117.89999999999999,0.0,0.0,0.0,71.1,0.0,
Paciente18
28.299999999999997,0.0,56.29999999999999,0.0,1.8,0.0,44.8,0.0,
Paciente19
0.0,0.0,47.6,0.0,0.0,0.0,79.2,0.0,
Paciente20
40.099999999999994,0.0,86.0,0.0,1.5,0.0,35.4,0.0,
Paciente21
8.9,0.0,134.7,0.0,0.0,0.0,18.2,0.0,
Paciente22
14.5,0.0,114.80000000000001,0.0,0.0,0.0,60.1,0.0,
Paciente23
0.0,0.0,0.0,0.0,13.3,0.0,146.20000000000002,0.0,
Paciente24
2.4000000000000004,0.0,52.7,0.0,4.800000000000001,0.0,139.0,0.0,
Paciente25
0.0,0.0,220.7,0.0,0.0,0.0,30.5,0.0,
Paciente26
0.0,0.0,76.0,0.0,0.0,0.0,130.2,0.0,
Paciente27
0.0,0.0,4.0,0.0,39.4,0.0,103.99999999999999,0.0,
Paciente28
6.5,0.0,31.300000000000004,0.0,48.1,0.0,93.6,0.0,
Paciente29
32.6,0.0,53.6,0.0,13.2,0.0,64.2,0.0,
Paciente30
51.0,0.0,33.400000000000006,0.0,33.0,0.0,38.5,0.0,
Paciente31
0.0,0.0,132.5,0.0,0.0,0.0,0.0,0.0,
Paciente32
0.0,0.0,124.2,0.0,0.0,0.0,0.0,0.0,
Paciente33
0.0,0.0,131.70000000000002,0.0,0.0,0.0,55.9,0.0,
Paciente34
52.1,0.0,144.2,0.0,0.0,0.0,32.3,0.0,
Paciente35
7.6000000000000005,0.0,20.1,0.0,40.7,0.0,91.50000000000001,0.0,
Paciente36
6.1,0.0,30.099999999999998,0.0,23.1,0.0,88.20000000000002,0.0,
Paciente37
15.9,0.0,123.89999999999999,0.0,0.8,0.0,65.9,0.0,
Paciente38
19.299999999999997,0.0,37.0,0.0,45.1,0.0,77.3,0.0,
Paciente39
0.7,0.0,3.5,0.0,41.0,0.0,119.39999999999999,0.0,
Paciente40
0.0,0.0,130.5,0.0,0.0,0.0,0.0,0.0,
Paciente41
17.4,0.0,41.7,2.7,20.2,0.0,66.8,0.0,
Paciente42
0.0,0.0,0.0,0.0,0.0,0.0,147.6,0.0,
Paciente43
25.700000000000003,0.0,106.89999999999998,0.0,0.0,0.0,0.0,0.0,
Paciente44
0.0,0.0,14.3,0.0,15.5,0.0,123.10000000000001,0.0,
Paciente45
8.399999999999999,0.0,73.6,0.0,4.6,0.0,92.1,0.0,
Paciente46
1.6,0.0,61.4,0.0,12.7,0.0,167.3,0.0,
Paciente47
2.4000000000000004,0.0,58.99999999999999,0.0,3.2,0.0,94.00000000000001,0.0,
Paciente48
5.4,0.0,76.4,0.0,3.6,0.0,54.3,0.0,
Paciente49
23.1,0.0,113.69999999999999,0.0,0.0,0.0,0.0,0.0,
Paciente50
0.8,0.0,47.9,0.0,5.6000000000000005,0.0,124.79999999999998,0.0,
Paciente51
6.199999999999999,0.0,155.70000000000002,0.0,0.0,0.0,20.5,0.0,
Paciente52
0.8,0.0,22.0,0.0,10.200000000000001,0.0,111.30000000000001,0.0,
Paciente53
5.3,0.0,24.2,0.0,37.0,0.0,121.2,0.0,
Paciente54
0.0,0.0,13.1,0.0,23.3,0.0,139.79999999999998,0.0,
Paciente55
35.9,0.0,60.7,0.0,0.0,0.0,24.300000000000004,0.0,
Paciente56
8.8,4.1000000000000005,37.2,22.0,1.2,2.0999999999999996,51.199999999999996,8.9,
Paciente57
50.1,0.0,109.60000000000001,0.0,0.0,0.0,4.300000000000001,0.0,
Paciente58
6.1,0.0,49.2,0.0,12.0,0.0,110.8,0.0,
Paciente59
22.6,0.0,86.89999999999999,0.0,0.7,0.0,36.0,0.0,
Paciente60
0.0,0.0,95.9,0.0,0.0,0.0,129.5,0.0,
Paciente61
0.0,0.0,30.0,0.0,0.0,0.0,91.6,0.0,
Paciente62
10.7,0.0,158.7,0.0,0.0,0.0,23.6,0.0,
Paciente63
0.0,0.0,0.0,0.0,20.799999999999997,0.0,123.5,0.0,
Paciente64
4.800000000000001,0.0,77.1,3.2,5.4,0.0,89.5,1.8,
Paciente65
38.1,0.0,100.20000000000002,0.0,7.0,0.0,57.900000000000006,0.0,
Paciente66
35.8,0.0,76.30000000000001,0.0,0.5,0.0,46.599999999999994,0.0,
Paciente67
15.8,0.0,55.7,0.0,24.099999999999998,0.0,90.89999999999999,0.0,
Paciente68
25.0,1.7000000000000002,110.5,16.200000000000003,0.0,0.0,26.2,0.0,
Paciente69
0.0,0.0,12.5,0.0,24.200000000000003,0.0,90.89999999999999,0.0,
Paciente70
0.0,0.0,109.8,0.0,0.0,0.0,14.8,0.0,
Paciente71
10.399999999999999,0.0,17.6,0.0,24.1,0.0,59.4,0.0,
Paciente72
3.3999999999999995,0.0,42.0,0.0,15.7,0.0,95.7,0.0,
Paciente73
38.5,0.0,87.3,2.4000000000000004,0.5,0.0,30.899999999999995,0.0,
Paciente74
13.0,0.0,11.600000000000001,0.0,46.3,0.0,46.99999999999999,0.0,
Paciente75
32.300000000000004,0.0,0.9,0.0,58.5,0.0,39.4,0.0,
Paciente76
0.0,0.0,6.200000000000001,0.0,0.0,0.0,165.20000000000002,0.0,
Paciente77
10.2,0.0,118.19999999999999,0.0,0.0,0.0,0.0,0.0,
Paciente78
5.2,0.0,28.7,0.0,20.9,0.0,94.6,0.0,
Paciente79
72.1,0.0,58.0,0.0,8.0,0.0,37.800000000000004,0.0,
Paciente80
0.0,0.0,0.0,0.0,31.0,0.0,170.39999999999998,0.0,
Paciente81
0.0,0.0,175.5,0.0,0.0,0.0,69.3,0.0,
Paciente82
0.0,0.0,43.0,0.0,3.6999999999999997,0.0,152.29999999999998,0.0,
Paciente83
6.4,0.0,146.8,0.0,0.0,0.0,20.3,0.0,
Paciente84
5.9,0.0,25.6,0.0,39.0,0.0,111.69999999999999,0.0,
Paciente85
2.8999999999999995,0.0,48.0,0.0,22.7,0.0,145.6,0.0,
Paciente86
30.7,0.0,89.39999999999999,0.0,1.6,0.0,65.5,0.0,
Paciente87
28.499999999999996,0.0,86.80000000000001,0.0,5.0,0.0,73.39999999999999,0.0,
Paciente88
4.2,0.0,30.4,0.0,23.4,0.0,118.9,0.0,
Paciente89
2.5,0.0,12.8,0.0,40.199999999999996,0.0,140.5,0.0,
Paciente90
10.4,0.0,54.1,0.0,25.7,0.0,135.4,0.0,
Paciente91
0.0,0.0,63.5,0.0,0.0,0.0,104.60000000000001,0.0,
Paciente92
14.899999999999999,0.0,40.3,0.0,25.400000000000002,0.0,80.8,0.0,
Paciente93
0.0,0.0,0.0,0.0,24.5,0.0,67.5,0.0,
Paciente94
0.0,0.0,67.4,0.0,0.0,0.0,93.9,0.0,
Paciente95
14.7,0.0,70.6,0.0,1.9,0.0,73.7,0.0,
Paciente96
29.5,0.0,78.0,0.0,17.299999999999997,0.0,101.49999999999999,0.0,
Paciente97
0.0,0.0,28.200000000000003,0.0,7.4,0.0,150.6,0.0,
Paciente98
4.1,0.0,23.1,0.0,26.700000000000003,0.0,114.1,0.0,
Paciente99
14.1,0.0,63.1,0.0,12.600000000000001,0.0,61.00000000000001,0.0,
Paciente100
26.5,0.0,122.10000000000001,0.0,0.0,0.0,0.6,0.0,
Paciente101
13.099999999999998,0.0,50.6,0.0,6.1,0.0,61.5,0.0,
Paciente102
0.0,0.0,0.0,0.0,13.2,0.0,117.19999999999999,0.0,
Paciente103
0.0,0.0,28.5,0.0,0.0,0.0,67.7,0.0,
Paciente104
47.6,0.0,11.7,0.0,53.3,0.0,27.6,0.0,
Paciente105
5.3999999999999995,0.0,46.3,0.0,11.2,0.0,76.8,0.0,
Paciente106
0.0,0.0,0.0,0.0,11.8,0.0,138.8,0.0,
Paciente107
5.4,0.0,23.700000000000003,0.0,10.600000000000001,0.0,78.60000000000001,0.0,
Paciente108
17.2,0.0,36.0,0.0,21.6,0.0,48.7,0.0,
Paciente109
2.7,0.0,77.5,0.0,0.9,0.0,70.6,0.0,
Paciente110
6.3,0.0,78.0,0.0,4.5,0.0,51.6,0.0,
Paciente111
0.0,0.0,0.0,0.0,13.100000000000001,0.0,46.300000000000004,0.0,
Paciente112
7.4,0.0,26.2,0.0,17.6,0.0,75.89999999999999,0.0,
Paciente113
0.0,0.0,0.0,0.0,0.0,0.0,100.5,0.0,
Paciente114
0.0,0.0,0.0,0.0,0.0,0.0,48.900000000000006,0.0,
Paciente115
14.5,0.0,72.1,0.0,0.0,0.0,0.0,0.0,
Paciente116
45.0,0.0,10.0,0.0,26.1,0.0,20.7,0.0,
Paciente117
0.0,0.0,0.0,0.0,0.0,0.0,108.5,0.0,
Paciente118
0.0,0.0,86.1,0.0,0.0,0.0,90.10000000000001,0.0,
Paciente119
9.4,0.0,124.10000000000001,0.0,0.0,0.0,6.8,0.0,
Paciente120
0.0,0.0,0.0,0.0,28.2,0.0,136.89999999999998,0.0,
Paciente121
0.0,0.0,0.0,0.0,34.599999999999994,0.7,120.1,4.199999999999999,
Paciente122
0.0,0.0,0.0,0.0,38.2,0.0,76.69999999999999,0.0,
Paciente123
14.799999999999999,0.0,23.5,0.0,22.0,0.0,39.699999999999996,0.0,
Paciente124
13.1,0.0,39.099999999999994,0.0,11.8,0.0,59.50000000000001,0.0,
Paciente125
0.0,0.0,64.4,0.0,1.8,0.0,123.1,0.0,
Paciente126
1.6,0.0,20.200000000000003,0.0,22.799999999999997,0.0,84.19999999999999,0.0,
Paciente127
0.0,0.0,12.099999999999998,0.0,0.0,0.0,161.2,0.0,
Paciente128
0.0,0.0,0.0,0.0,19.9,0.0,91.8,0.0,
Paciente129
0.0,0.0,0.0,0.0,4.2,0.0,71.7,0.0,
Paciente130
0.0,0.0,130.2,0.0,0.0,0.0,23.0,0.0,
Paciente131
17.0,0.0,137.7,0.0,0.0,0.0,14.0,0.0,
Paciente132
0.0,0.0,28.099999999999998,0.0,0.0,0.0,108.0,0.0,
Paciente133
0.0,0.0,0.0,0.0,3.6,0.0,140.5,0.0,
Paciente134
19.0,0.0,34.8,0.0,29.700000000000003,0.0,79.9,0.0,
Paciente135
19.0,0.0,34.8,0.0,29.700000000000003,0.0,79.9,0.0,
Paciente136
0.0,0.0,0.0,0.0,0.0,0.0,147.00000000000003,0.0,
Paciente137
0.0,0.0,0.0,0.0,0.0,0.0,193.99999999999997,0.0,
Paciente138
0.0,0.0,0.0,0.0,0.0,0.0,74.2,0.0,
Paciente139
3.7,0.0,23.0,0.0,8.3,0.0,38.6,0.0,
Paciente140
0.0,0.0,0.0,0.0,11.4,0.0,84.80000000000001,0.0,
Paciente141
0.0,0.0,0.0,0.0,0.0,0.0,121.4,0.0,
Paciente142
0.0,0.0,0.0,0.0,44.8,0.0,152.20000000000002,0.0,
Paciente143
0.0,0.0,192.5,0.0,0.0,0.0,4.4,0.0,
Paciente144
0.0,0.0,52.3,0.0,0.0,0.0,128.1,0.0,
Paciente145
0.0,0.0,32.1,0.0,0.0,0.0,131.4,0.0,
Paciente146
0.0,0.0,0.0,0.0,23.9,0.0,112.1,0.0,
Paciente147
0.0,0.0,13.0,0.0,0.0,0.0,54.7,0.0,
Paciente148
0.0,0.0,3.6,0.0,0.0,0.0,94.1,0.0,
Paciente149
0.0,0.0,0.0,0.0,52.900000000000006,0.0,85.1,0.0,
Paciente150
0.0,0.0,73.1,0.0,0.0,0.0,68.89999999999999,0.0,
Paciente151
0.0,0.0,0.0,0.0,42.800000000000004,0.0,143.89999999999998,0.0,
Paciente152
8.100000000000001,0.0,67.0,0.0,0.0,0.0,54.4,0.0,
Paciente153
0.0,0.0,18.499999999999996,0.0,0.0,0.0,133.7,0.0,
Paciente154
51.39999999999999,0.0,21.599999999999998,0.0,0.0,0.0,18.4,0.0,
Paciente155
0.0,0.0,15.899999999999999,0.0,5.9,0.0,91.7,0.0,
Paciente156
0.0,0.0,15.899999999999999,0.0,5.9,0.0,91.7,0.0,
Paciente157
0.0,0.0,9.4,0.0,7.5,0.0,101.7,0.0,
Paciente158
0.0,0.0,0.0,0.0,21.5,0.0,110.69999999999999,0.0,
Paciente159
0.0,0.0,61.80000000000001,0.0,0.0,0.0,76.2,0.0,
Paciente160
10.5,0.0,75.30000000000001,0.0,0.0,0.0,47.300000000000004,0.0,
Paciente161
0.0,0.0,122.60000000000001,0.0,0.0,0.0,2.0999999999999996,0.0,
Paciente162
0.0,0.0,0.0,0.0,6.6,0.0,145.9,0.0,
Paciente163
0.0,0.0,85.39999999999999,0.0,0.0,0.0,29.799999999999997,0.0,
Paciente164
0.0,0.0,40.199999999999996,0.0,0.0,0.0,80.7,0.0,
Paciente165
6.6,0.0,146.1,0.0,0.0,0.0,2.7,0.0,
Paciente166
2.4000000000000004,0.0,3.8000000000000003,0.0,27.1,0.0,73.90000000000002,0.0,
Paciente167
6.7,0.0,68.3,0.0,6.9,0.0,77.1,0.0,
Paciente168
6.7,0.0,68.3,0.0,6.9,0.0,77.1,0.0,
Paciente169
0.0,0.0,11.8,0.0,0.0,0.0,77.0,0.0,
Paciente170
0.0,0.0,76.7,0.0,0.0,0.0,87.4,0.0,
Paciente171
0.0,0.0,119.1,0.0,0.0,0.0,44.00000000000001,0.0,
Paciente172
22.299999999999997,0.0,75.5,0.0,5.0,0.0,5.0,0.0,
Paciente173
10.0,0.0,16.5,0.0,16.8,0.0,64.1,0.0,
Paciente174
0.0,0.0,41.7,0.0,0.0,0.0,90.0,0.0,
Paciente175
5.4,0.0,128.0,0.0,0.0,0.0,66.69999999999999,0.0,
Paciente176
0.0,0.0,0.0,0.0,8.1,0.0,96.2,0.0,
Paciente177
0.0,0.0,34.900000000000006,0.0,0.0,0.0,92.8,0.0,
Paciente178
0.0,0.0,54.9,0.0,0.0,0.0,93.5,0.0,
Paciente179
0.0,0.0,13.0,0.0,4.0,0.0,88.79999999999998,0.0,
Paciente180
21.700000000000003,0.0,96.20000000000002,0.0,0.0,0.0,0.0,0.0,
Paciente181
0.0,0.0,0.0,0.0,32.9,0.0,83.3,0.0,
Paciente182
0.0,0.0,74.5,0.0,0.0,0.0,102.80000000000001,0.0,
Paciente183
0.0,0.0,132.7,0.0,0.0,0.0,29.0,0.0,
Paciente184
19.7,0.0,141.9,0.0,0.0,0.0,0.0,0.0,
Paciente185
6.6000000000000005,0.0,46.4,0.0,0.8,0.0,38.300000000000004,0.0,
Paciente186
0.0,0.0,142.4,0.0,0.0,0.0,0.0,0.0,
Paciente187
1.4,0.0,1.4,0.0,27.599999999999998,0.0,87.60000000000001,0.0,
Paciente188
10.3,0.0,42.2,0.0,13.399999999999999,0.0,73.1,0.0,
Paciente189
4.1000000000000005,0.0,89.2,0.0,0.0,0.0,72.9,0.0,
Paciente190
13.2,0.0,48.6,0.0,17.400000000000002,0.0,78.30000000000001,0.0,
Paciente191
0.0,0.0,13.899999999999999,0.0,13.9,0.0,101.19999999999999,0.0,
Paciente192
1.4,0.0,29.799999999999997,0.0,8.7,0.0,117.6,0.0,
Paciente193
0.0,0.0,5.8,0.0,0.0,0.0,69.3,0.0,
Paciente194
0.0,0.0,0.0,0.0,7.6,0.0,90.1,0.0,
Paciente195
0.0,0.0,42.9,0.0,0.0,0.0,62.3,0.0,
Paciente196
45.599999999999994,0.0,54.6,0.0,0.0,0.0,14.600000000000001,0.0,
Paciente197
0.0,0.0,78.5,0.0,0.0,0.0,31.7,0.0,
Paciente198
10.399999999999999,0.0,12.0,0.0,24.0,0.0,76.4,0.0,
Paciente199
0.0,0.0,125.80000000000001,0.0,0.0,0.0,5.7,0.0,
Paciente200
0.0,0.0,0.0,0.0,0.0,0.0,95.99999999999999,0.0,
Paciente201
4.2,0.0,69.79999999999998,0.0,0.0,0.0,0.0,0.0,
Paciente202
0.0,0.0,20.700000000000003,0.0,0.0,0.0,82.5,0.0,
Paciente203
120.49999999999999,0.0,215.8,0.0,13.399999999999999,0.0,47.800000000000004,0.0,
Paciente204
0.7,0.0,24.999999999999996,0.0,4.6,0.0,84.60000000000001,0.0,
Paciente205
26.9,0.0,0.5,0.0,75.9,0.0,53.1,0.0,
Paciente206
0.7,0.0,11.899999999999999,0.0,8.7,0.0,55.900000000000006,0.0,
Paciente207
0.0,0.0,41.699999999999996,0.0,0.0,0.0,80.09999999999998,0.0,
Paciente208
0.0,0.0,0.0,0.0,0.0,0.0,92.59999999999998,0.0,
Paciente209
3.2,0.0,33.6,0.0,14.399999999999999,0.0,90.30000000000001,0.0,
Paciente210
0.0,0.0,0.0,0.0,0.0,0.0,160.29999999999998,0.0,
Paciente211
0.0,0.0,0.0,0.0,48.599999999999994,0.0,66.6,0.0,
Paciente212
0.0,0.0,140.2,0.0,0.0,0.0,11.3,0.0,
Paciente213
0.0,0.0,0.0,0.0,6.4,0.0,108.4,0.0,
Paciente214
8.600000000000001,0.0,28.4,0.0,28.599999999999998,0.0,92.90000000000002,0.0,
Paciente215
0.0,0.0,10.5,0.0,0.0,0.0,188.60000000000002,0.0,
Paciente216
17.1,0.0,36.3,0.0,27.9,0.0,42.3,0.0,
Paciente217
0.0,0.0,0.0,0.0,16.0,0.0,112.2,0.0,
Paciente218
0.0,0.0,73.6,0.0,0.0,0.0,24.0,0.0,
Paciente219
0.0,0.0,24.0,0.0,0.0,0.0,7.7,0.0,
Paciente220
21.099999999999998,0.0,77.3,0.0,0.0,0.0,0.0,0.0,
Paciente221
0.0,0.0,145.99999999999997,0.0,0.0,0.0,0.0,0.0,
Paciente222
0.0,0.0,0.0,0.0,0.0,0.0,134.89999999999998,0.0,
Paciente223
5.799999999999999,0.0,153.9,0.0,0.0,0.0,0.0,0.0,
Paciente224
0.0,0.0,50.3,0.0,0.0,0.0,93.0,0.0,
Paciente225
2.4000000000000004,0.0,5.2,0.0,22.6,0.0,81.2,0.0,
Paciente226
20.2,0.0,41.199999999999996,0.0,18.2,0.0,52.6,0.0,
Paciente227
5.3,0.0,7.2,0.0,36.9,1.6,91.6,4.6,
Paciente228
0.7,0.0,4.199999999999999,0.0,22.499999999999996,0.0,71.4,0.0,
Paciente229
0.0,0.0,0.0,0.0,22.700000000000003,0.0,72.99999999999999,0.0,
Paciente230
0.0,0.0,0.0,0.0,5.6000000000000005,0.0,144.3,0.0,
Paciente231
0.0,0.0,40.300000000000004,0.0,0.0,0.0,91.6,0.0,
Paciente232
0.0,0.0,13.399999999999999,0.0,0.0,0.0,74.3,0.0,
Paciente233
0.0,0.0,99.1,0.0,0.0,0.0,27.799999999999997,0.0,
Paciente234
1.2,0.0,28.700000000000003,0.0,12.2,0.0,86.30000000000001,0.0,
Paciente235
0.7,0.0,48.699999999999996,0.0,5.6000000000000005,0.0,109.09999999999998,0.0,
Paciente236
0.0,0.0,50.0,0.0,0.0,0.0,63.1,0.0,
Paciente237
7.0,0.0,58.699999999999996,0.0,14.3,0.0,85.30000000000001,0.0,
Paciente238
0.0,0.0,0.0,0.0,0.0,0.0,97.5,0.0,
Paciente239
0.9,0.0,107.0,0.0,4.5,0.0,163.79999999999998,0.0,
Paciente240
0.0,0.0,0.0,0.0,18.8,0.0,40.300000000000004,0.0,
Paciente241
0.0,0.0,103.3,0.0,0.0,0.0,9.9,0.0,
Paciente242
0.0,0.0,24.400000000000002,0.0,0.0,0.0,78.8,0.0,
Paciente243
19.2,0.0,35.6,0.0,15.7,0.0,38.7,0.0,
Paciente244
0.0,0.0,82.8,0.0,0.0,0.0,75.8,0.0,
Paciente245
4.199999999999999,0.0,4.1,0.0,51.800000000000004,0.0,57.00000000000001,0.0,
Paciente246
42.4,0.0,94.9,0.0,0.0,0.0,16.1,0.0,
Paciente247
42.4,0.0,94.9,0.0,0.0,0.0,16.1,0.0,
Paciente248
21.400000000000002,0.0,71.0,0.0,1.2,0.0,48.7,0.0,
Paciente249
0.0,0.0,2.5,0.0,2.8,0.0,139.7,5.499999999999999,
Paciente250
10.899999999999999,0.0,39.5,0.0,10.0,0.0,62.300000000000004,0.0,
Paciente251
0.0,0.0,0.0,0.0,0.0,0.0,104.2,0.0,
Paciente252
68.89999999999999,0.0,57.00000000000001,0.0,0.0,0.0,0.0,0.0,
Paciente253
61.3,0.0,51.300000000000004,0.0,0.0,0.0,0.0,0.0,
Paciente254
0.0,0.0,0.0,0.0,0.0,0.0,45.4,0.0,
Paciente255
0.0,0.0,0.0,0.0,5.6,0.0,99.3,0.0,
Paciente256
0.0,0.0,0.0,0.0,5.6,0.0,99.3,0.0,
Paciente257
8.299999999999999,0.0,106.9,0.0,0.0,0.0,36.2,0.0,
Paciente258
5.4,0.0,41.5,0.0,11.8,0.0,104.2,0.0,
Paciente259
28.9,0.0,27.0,0.0,0.0,0.0,0.0,0.0,
Paciente260
2.0999999999999996,0.0,39.5,0.0,0.7,0.0,45.599999999999994,0.0,
Paciente261
22.3,1.6,46.900000000000006,2.4000000000000004,5.1,0.0,55.0,0.0,
Paciente262
0.0,0.0,36.89999999999999,0.0,0.0,0.0,135.89999999999998,0.0,
Paciente263
0.0,0.0,0.0,0.0,19.099999999999998,0.0,118.89999999999999,0.0,
Paciente264
0.0,0.0,106.09999999999998,0.0,0.0,0.0,55.0,0.0,
Paciente265
0.0,0.0,94.3,0.0,0.0,0.0,71.7,0.0,
Paciente266
0.0,0.0,13.0,0.0,0.0,0.0,112.5,0.0,
Paciente267
0.0,0.0,87.10000000000001,0.0,0.0,0.0,49.5,0.0,
Paciente268
23.9,3.2,0.0,0.0,51.1,11.5,27.5,0.0,
Paciente269
0.0,0.0,148.8,0.0,0.0,0.0,0.0,0.0,
Paciente270
0.0,0.0,39.2,0.8,0.0,0.0,94.8,1.5,
Paciente271
0.0,0.0,2.8999999999999995,0.0,15.7,0.0,61.9,0.0,
Paciente272
20.5,0.0,19.6,0.0,8.9,0.0,19.099999999999998,0.0,
Paciente273
10.899999999999999,0.0,62.50000000000001,0.0,0.0,0.0,32.5,0.0,
Paciente274
0.0,0.0,36.6,0.0,0.0,0.0,165.0,0.0,
Paciente275
2.4000000000000004,0.0,3.2,0.0,49.99999999999999,8.1,81.5,5.6,
Paciente276
0.0,0.0,39.2,0.0,0.0,0.0,78.50000000000001,0.0,
Paciente277
0.0,0.0,94.9,0.0,0.0,0.0,54.7,0.0,
Paciente278
0.0,0.0,0.0,0.0,28.2,0.0,115.1,0.0,
Paciente279
2.4000000000000004,0.0,27.5,0.0,5.3999999999999995,0.0,78.8,0.0,
Paciente280
9.6,0.0,62.599999999999994,0.0,8.0,0.0,105.8,0.0,
Paciente281
13.599999999999998,0.0,134.39999999999998,0.0,0.0,0.0,0.0,0.0,
Paciente282
4.8999999999999995,0.0,66.2,0.0,0.0,0.0,0.0,0.0,
Paciente283
12.3,0.0,18.400000000000002,0.0,27.4,0.0,60.800000000000004,0.0,
Paciente284
0.0,0.0,96.10000000000001,0.0,0.0,0.0,0.0,0.0,
Paciente285
4.8,0.0,34.9,0.0,14.8,0.0,90.5,0.0,
Paciente286
7.1,0.0,92.5,0.0,1.8,0.0,48.8,0.0,
Paciente287
2.4000000000000004,0.0,71.8,0.0,7.6000000000000005,0.0,90.69999999999999,0.0,
Paciente288
0.0,0.0,54.2,0.0,0.0,0.0,203.7,0.0,
Paciente289
0.0,0.0,91.0,0.0,0.0,0.0,192.29999999999998,0.0,
Paciente290
11.9,0.0,80.4,0.0,70.5,0.0,247.2,0.0,
Paciente291
19.2,0.0,57.7,0.0,78.7,0.0,108.69999999999999,0.0,
Paciente292
3.5,0.0,33.3,0.0,19.799999999999997,0.0,94.4,0.0,
Paciente293
13.1,0.0,100.99999999999999,7.2,0.0,0.0,38.8,0.0,
Paciente294
0.0,0.0,145.6,0.0,0.0,0.0,204.0,0.0,
Paciente295
70.1,0.0,146.29999999999998,0.0,0.0,0.0,2.0,0.0,
Paciente296
0.0,0.0,92.19999999999999,0.0,0.0,0.0,110.80000000000001,0.0,
Paciente297
0.0,0.0,101.29999999999998,0.0,0.0,0.0,0.0,0.0,
Paciente298
0.0,0.0,14.8,0.0,41.400000000000006,0.0,203.2,0.0,
Paciente299
0.0,0.0,3.2,0.0,44.599999999999994,0.0,118.2,0.0,
Paciente300
0.0,0.0,28.1,0.0,0.0,0.0,100.5,0.0,
Paciente301
7.5,0.0,90.5,0.0,34.9,0.0,237.3,0.0,
Paciente302
0.0,0.0,0.0,0.0,0.0,0.0,173.3,0.0,
Paciente303
0.0,0.0,0.0,0.0,0.0,0.0,146.20000000000002,0.0,
Paciente304
59.9,0.0,154.5,0.0,0.0,0.0,35.6,0.0,
Paciente305
0.0,0.0,31.6,0.0,0.0,0.0,51.4,0.0,
Paciente306
8.0,0.0,158.7,0.0,4.5,0.0,94.60000000000001,0.0,
Paciente307
13.5,0.0,109.60000000000001,0.0,73.8,0.0,290.99999999999994,0.0,
Paciente308
0.0,0.0,32.3,0.0,0.0,0.0,96.70000000000002,0.0,
Paciente309
0.0,0.0,32.3,0.0,0.0,0.0,96.70000000000002,0.0,
Paciente310
57.7,0.0,89.8,0.0,20.0,0.0,27.9,0.0,
Paciente311
9.200000000000001,0.0,204.1,0.0,0.0,0.0,90.3,0.0,
Paciente312
0.0,0.0,0.0,0.0,0.0,0.0,294.4,0.0,
Paciente313
11.399999999999999,0.0,67.69999999999999,0.0,30.3,0.0,152.70000000000002,0.0,
Paciente314
0.0,0.0,66.2,56.199999999999996,0.0,0.0,108.80000000000001,105.9,
Paciente315
0.0,0.0,11.799999999999999,0.0,3.4000000000000004,0.0,196.4,0.0,
Paciente316
19.2,0.0,84.6,0.0,30.5,0.0,134.7,0.0,
Paciente317
2.7,0.0,81.19999999999999,0.0,11.2,0.0,162.7,0.0,
Paciente318
20.0,0.0,91.8,0.0,21.8,0.0,100.2,0.0,
Paciente319
33.300000000000004,0.0,93.7,0.0,0.0,0.0,28.3,0.0,
Paciente320
9.7,0.0,133.79999999999998,0.0,5.2,0.0,128.4,0.0,
Paciente321
0.0,0.0,72.00000000000001,0.0,0.0,0.0,118.8,0.0,
Paciente322
12.2,0.0,70.2,0.0,15.1,0.0,106.0,0.0,
Paciente323
7.0,0.0,39.400000000000006,0.0,54.5,0.0,176.9,0.0,
Paciente324
110.3,0.0,62.099999999999994,0.0,78.7,0.0,21.3,0.0,
Paciente325
0.0,0.0,0.0,0.0,26.4,0.0,109.0,0.0,
Paciente326
0.0,0.0,11.3,0.0,0.0,0.0,114.39999999999999,0.0,
Paciente327
5.4,0.0,58.2,0.0,49.6,0.0,207.20000000000002,0.0,
Paciente328
0.0,0.0,3.4000000000000004,0.0,90.60000000000001,0.0,224.10000000000002,0.0,
Paciente329
0.0,0.0,0.0,0.0,0.0,0.0,300.3,0.0,
Paciente330
8.0,0.0,136.6,0.0,0.0,0.0,63.9,0.0,
Paciente331
53.10000000000001,0.0,74.2,0.0,59.6,0.0,84.7,0.0,
Paciente332
0.0,0.0,22.4,0.0,54.8,0.0,305.9,0.0,
Paciente333
0.0,0.0,38.400000000000006,0.0,0.0,0.0,239.59999999999997,0.0,
Paciente334
0.0,0.0,95.0,0.0,0.0,0.0,62.3,0.0,
Paciente335
10.4,0.0,145.7,0.0,18.4,0.0,193.2,0.0,
Paciente336
15.899999999999999,0.0,61.699999999999996,0.0,21.299999999999997,0.0,123.30000000000001,0.0,
Paciente337
0.0,0.0,92.9,0.0,0.0,0.0,173.1,0.0,
Paciente338
0.0,0.0,92.9,0.0,0.0,0.0,173.1,0.0,
Paciente339
14.0,0.0,48.599999999999994,0.0,47.0,0.0,185.4,0.0,
Paciente340
0.0,0.0,29.200000000000003,0.0,0.0,0.0,162.2,0.0,
Paciente341
16.4,0.0,63.49999999999999,0.0,23.299999999999997,0.0,119.10000000000001,0.0,
Paciente342
0.0,0.0,26.5,0.0,23.4,0.0,189.7,0.0,
Paciente343
100.5,0.0,161.20000000000002,0.0,0.0,0.0,0.0,0.0,
Paciente344
0.0,0.0,0.0,0.0,35.0,0.0,213.70000000000002,0.0,
Paciente345
0.0,0.0,61.2,0.0,0.0,0.0,124.09999999999998,0.0,
Paciente346
0.0,0.0,54.0,0.0,0.0,0.0,101.0,0.0,
Paciente347
0.0,0.0,35.9,0.0,0.0,0.0,58.599999999999994,0.0,
Paciente348
28.4,0.0,143.5,0.0,14.3,0.0,137.6,0.0,
Paciente349
10.4,0.0,120.39999999999999,0.0,6.1,0.0,95.4,0.0,
Paciente350
0.0,0.0,0.0,0.0,0.0,0.0,110.10000000000001,0.0,
Paciente351
2.7,0.0,44.1,0.0,60.4,0.0,282.6,13.100000000000001,
Paciente352
7.2,0.0,129.3,0.0,0.0,0.0,91.2,0.0,
Paciente353
2.7,0.0,5.5,0.0,41.4,0.0,137.29999999999998,0.0,
Paciente354
57.7,0.0,114.79999999999998,0.0,61.39999999999999,0.0,118.89999999999999,0.0,
Paciente355
0.0,0.0,0.0,0.0,0.0,0.0,305.8,0.0,
Paciente356
0.0,0.0,0.0,0.0,10.8,0.0,176.39999999999998,0.0,
Paciente357
0.0,0.0,195.7,0.0,0.0,0.0,44.099999999999994,0.0,
Paciente358
11.9,0.0,30.6,0.0,34.099999999999994,0.0,78.6,0.0,
Paciente359
24.5,0.0,55.8,0.0,70.3,0.0,154.4,0.0,
Paciente360
14.7,0.0,118.09999999999998,0.0,1.8,0.0,76.2,0.0,
Paciente361
9.600000000000001,0.0,75.7,0.9,50.2,0.0,148.8,13.0,
Paciente362
0.0,0.0,0.0,0.0,23.3,0.0,178.7,0.0,
Paciente363
0.0,0.0,0.0,0.0,89.7,0.0,227.3,0.0,
Paciente364
0.0,0.0,0.0,0.0,147.5,0.0,209.89999999999998,0.0,
Paciente365
0.0,0.0,170.5,13.3,0.0,0.0,127.7,12.2,
Paciente366
31.900000000000002,0.0,162.6,0.0,0.7,0.0,74.39999999999999,0.0,
Paciente367
0.0,0.0,81.7,0.0,0.0,0.0,45.2,0.0,
Paciente368
9.4,0.0,58.099999999999994,0.0,37.400000000000006,0.0,181.4,0.0,
Paciente369
33.1,0.0,192.1,0.0,0.0,0.0,70.39999999999999,0.0,
Paciente370
31.7,0.0,95.89999999999999,0.0,0.0,0.0,42.0,0.0,
Paciente371
0.0,0.0,11.900000000000002,0.0,0.0,0.0,178.89999999999998,0.0,
Paciente372
16.0,0.0,47.4,0.0,27.9,0.0,75.4,0.0,
Paciente373
0.0,0.0,0.0,0.0,0.0,0.0,131.6,0.0,
Paciente374
0.0,0.0,0.0,0.0,0.0,0.0,372.0,0.0,
Paciente375
0.0,0.0,0.0,0.0,0.0,0.0,270.3,0.0,
Paciente376
16.7,0.0,65.19999999999999,0.0,10.7,0.0,96.5,0.0,
Paciente377
0.0,0.0,48.8,0.0,0.0,0.0,176.6,0.0,
Paciente378
0.0,0.0,0.0,0.0,0.0,0.0,108.60000000000001,0.0,
Paciente379
40.9,0.0,80.3,0.0,7.699999999999999,0.0,60.39999999999999,0.0,
Paciente380
7.000000000000001,0.0,54.599999999999994,0.0,3.4000000000000004,0.0,79.5,0.0,
Paciente381
16.4,0.0,42.0,0.0,24.3,0.0,60.5,0.0,
Paciente382
0.0,0.0,29.200000000000003,0.0,0.0,0.0,166.6,0.0,
Paciente383
12.2,0.0,161.99999999999997,0.0,0.0,0.0,0.0,0.0,
Paciente384
0.0,0.0,23.3,0.0,39.2,0.0,217.2,0.0,
Paciente385
0.0,0.0,69.2,18.3,0.0,0.0,102.5,23.599999999999998,
Paciente386
0.0,0.0,0.0,0.0,9.2,0.0,120.9,0.0,
Paciente387
4.5,0.0,22.0,0.0,21.1,0.0,97.4,0.0,
Paciente388
4.5,0.0,22.0,0.0,21.1,0.0,97.4,0.0,
Paciente389
1.8,0.0,96.99999999999999,0.0,15.5,0.0,195.99999999999997,0.0,
Paciente390
1.7000000000000002,0.0,40.4,0.0,47.1,0.0,241.49999999999997,0.0,
Paciente391
0.0,0.0,21.7,0.0,0.0,0.0,243.0,0.0,
Paciente392
0.0,0.0,49.199999999999996,0.0,0.0,0.0,261.09999999999997,0.0,
Paciente393
0.0,0.0,49.199999999999996,0.0,0.0,0.0,261.09999999999997,0.0,
Paciente394
0.0,0.0,96.1,0.0,0.0,0.0,140.8,0.0,
Paciente395
0.0,0.0,0.0,0.0,68.80000000000001,0.0,124.60000000000001,0.0,
Paciente396
0.0,0.0,10.0,0.0,24.0,0.0,95.6,0.0,
Paciente397
0.0,0.0,83.4,0.0,0.0,0.0,182.79999999999998,0.0,
Paciente398
13.2,0.0,53.599999999999994,0.0,12.099999999999998,0.0,78.39999999999999,0.0,
Paciente399
2.0,0.0,23.6,0.0,24.0,0.0,220.8,0.0,
Paciente400
24.5,0.0,106.69999999999999,0.0,30.900000000000002,0.0,119.1,0.0,
