id001,1.7000000000000002,0.0,46.800000000000004,0.0,44.1,0.0,242.59999999999997,0.0
id002,40.0,0.0,199.0,0.0,0.0,0.0,0.0,0.0
id003,47.900000000000006,0.0,121.89999999999999,0.0,7.8999999999999995,0.0,67.0,0.0
id004,0.0,0.0,41.0,0.0,9.9,0.0,193.1,0.0
id005,9.2,0.0,141.9,0.0,0.0,0.0,38.599999999999994,0.0
id006,7.7,0.0,36.9,3.5,28.7,3.7,104.6,12.5
id007,4.5,0.0,88.4,0.0,11.9,0.0,181.79999999999995,0.0
id008,16.1,0.0,47.099999999999994,0.0,60.3,0.0,158.29999999999998,0.0
id009,49.8,0.0,46.800000000000004,0.0,62.699999999999996,0.0,59.8,0.0
id010,0.0,0.0,4.8,0.0,0.0,0.0,193.1,0.0
id011,22.1,0.0,62.8,0.0,46.800000000000004,0.0,119.70000000000002,0.0
id012,28.0,0.0,116.19999999999999,0.0,7.8,0.0,77.39999999999999,0.0
id013,30.599999999999994,0.0,79.3,0.0,48.199999999999996,0.0,128.2,0.0
id014,0.0,0.0,69.2,0.0,9.9,0.0,221.4,0.0
id015,9.0,0.0,83.4,0.0,13.0,0.0,113.2,0.0
id016,15.0,0.0,36.8,0.0,45.3,0.0,119.0,0.0
id017,5.4,0.0,153.39999999999998,0.0,0.0,0.0,110.3,0.0
id018,26.7,0.0,84.4,0.0,25.9,0.0,63.5,0.0
id019,0.8,0.0,80.1,0.0,8.0,0.0,124.09999999999998,0.0
id020,61.30000000000001,0.0,114.7,0.0,9.5,0.0,55.4,0.0
id021,25.2,0.0,165.79999999999998,0.0,0.0,0.0,67.1,0.0
id022,32.199999999999996,0.0,161.89999999999998,0.0,13.1,0.0,113.5,0.0
id023,0.0,0.0,9.600000000000001,0.0,33.900000000000006,0.0,200.79999999999998,3.6
id024,7.0,0.0,87.0,0.0,23.6,0.0,214.69999999999996,0.0
id025,0.0,0.0,281.9,0.0,0.0,0.0,83.99999999999999,0.0
id026,0.0,0.0,101.9,0.0,0.0,0.0,169.6,0.0
id027,2.0,0.0,13.9,0.0,58.300000000000004,0.0,144.29999999999998,0.0
id028,9.600000000000001,0.0,48.800000000000004,0.0,68.6,0.0,116.6,0.0
id029,46.099999999999994,0.0,80.9,0.0,28.7,0.0,88.60000000000001,0.0
id030,67.8,0.0,50.49999999999999,0.0,50.0,0.0,54.300000000000004,0.0
id031,0.0,0.0,195.6,0.0,0.0,0.0,4.7,0.0
id032,0.0,0.0,201.5,0.0,0.0,0.0,3.8,0.0
id033,6.3,0.0,155.2,0.0,0.0,0.0,88.5,0.0
id034,88.80000000000001,0.0,183.5,0.0,9.6,0.0,73.6,0.0
id035,7.6000000000000005,0.0,20.1,0.0,40.7,0.0,91.50000000000001,0.0
id036,11.100000000000001,0.0,54.8,0.0,46.3,0.0,132.1,0.0
id037,27.4,0.0,165.0,0.0,12.7,0.0,113.0,0.0
id038,25.1,0.0,48.7,0.0,59.8,0.0,96.80000000000001,0.0
id039,3.6,0.0,14.0,0.0,74.2,0.0,177.9,4.5
id040,0.0,0.0,170.1,0.0,0.0,0.0,0.0,0.0
id041,22.5,0.0,56.5,5.4,38.699999999999996,2.7,82.69999999999999,5.3999999999999995
id042,0.0,0.0,0.0,0.0,10.5,0.0,233.8,0.0
id043,43.099999999999994,0.0,162.29999999999998,0.0,0.0,0.0,0.0,0.0
id044,0.0,0.0,29.3,0.0,36.1,0.0,160.6,0.0
id045,13.5,0.0,109.5,0.0,16.1,0.0,145.4,0.0
id046,4.4,0.0,94.0,0.0,28.3,0.0,232.9,0.0
id047,4.0,0.0,81.79999999999998,0.0,12.8,0.0,115.39999999999999,0.0
id048,11.7,0.0,99.39999999999999,0.0,7.9,0.0,72.69999999999999,0.0
id049,39.3,0.0,176.0,0.0,0.0,0.0,0.0,0.0
id050,2.7,0.0,72.30000000000001,0.0,16.4,0.0,166.5,0.0
id051,29.9,0.0,222.1,0.0,0.0,0.0,45.8,0.0
id052,1.8,0.0,45.3,0.0,28.4,0.0,157.49999999999997,0.0
id053,8.7,0.0,39.099999999999994,0.0,56.400000000000006,0.0,159.9,0.0
id054,1.6,0.0,33.3,0.0,42.0,0.0,158.29999999999998,0.0
id055,32.4,0.0,81.3,0.0,20.4,0.0,36.1,0.0
id056,13.799999999999999,0.0,53.699999999999996,29.5,11.0,12.3,68.9,19.599999999999998
id057,75.39999999999999,0.0,135.5,0.0,0.0,0.0,20.9,0.0
id058,13.7,0.0,83.5,0.0,38.800000000000004,0.0,176.0,0.0
id059,34.6,0.0,122.6,0.0,12.399999999999999,0.0,62.400000000000006,0.0
id060,0.0,0.0,157.6,0.0,0.0,0.0,205.79999999999998,0.0
id061,0.0,0.0,44.0,0.0,0.0,0.0,116.9,0.0
id062,34.0,0.0,213.60000000000002,0.0,0.0,0.0,68.8,0.0
id063,0.0,0.0,3.6,0.0,40.2,0.0,174.2,10.4
id064,10.4,0.0,101.9,5.4,13.7,0.0,130.6,8.0
id065,54.39999999999999,0.0,139.8,0.0,24.6,0.0,99.1,0.0
id066,44.6,0.0,101.9,0.0,6.8,0.0,70.1,0.0
id067,21.900000000000002,0.0,77.2,0.0,40.4,0.0,128.2,0.0
id068,46.7,5.4,138.39999999999998,32.900000000000006,0.0,0.0,60.5,0.0
id069,2.0,0.0,23.0,0.0,38.6,0.0,138.9,0.0
id070,0.0,0.0,186.1,0.0,0.0,0.0,31.5,0.0
id071,15.7,0.0,34.7,0.0,46.0,0.0,97.89999999999999,0.0
id072,9.9,0.0,61.599999999999994,2.4000000000000004,32.3,1.9,125.9,7.1
id073,53.5,2.7,108.89999999999999,6.800000000000001,14.7,0.0,49.199999999999996,0.0
id074,16.1,0.0,22.1,0.0,74.2,0.0,63.8,0.0
id075,42.0,0.0,12.0,0.0,94.9,0.0,56.3,0.0
id076,0.0,0.0,27.299999999999997,0.0,5.4,0.0,225.2,0.0
id077,25.400000000000002,0.0,164.6,0.0,0.0,0.0,23.8,0.0
id078,8.100000000000001,0.0,42.4,0.0,30.700000000000003,0.0,111.70000000000002,0.0
id079,91.89999999999999,4.0,85.2,0.8,19.7,0.0,57.3,0.0
id080,0.0,0.0,0.0,0.0,61.2,0.9,238.79999999999998,6.800000000000001
id081,0.0,0.0,224.5,0.0,0.0,0.0,125.6,0.0
id082,0.0,0.0,65.9,0.0,16.5,0.0,227.6,0.0
id083,17.0,0.0,187.5,0.0,0.0,0.0,44.5,0.0
id084,10.4,0.0,46.5,0.0,64.2,0.0,156.89999999999998,0.0
id085,7.800000000000001,0.0,75.60000000000001,0.0,41.4,0.0,212.7,0.0
id086,45.3,0.0,128.3,0.0,8.7,0.0,100.7,0.0
id087,38.4,0.0,122.6,0.0,20.900000000000002,0.0,114.99999999999999,0.0
id088,7.0,0.0,49.5,0.0,45.0,0.0,169.70000000000002,0.0
id089,10.0,0.0,35.3,0.0,79.10000000000001,0.0,202.6,0.0
id090,15.0,0.0,77.8,0.0,44.1,0.0,187.2,0.0
id091,0.0,0.0,96.69999999999999,4.0,0.0,0.0,163.5,4.9
id092,24.200000000000003,0.0,72.1,0.0,53.300000000000004,0.0,130.9,0.0
id093,4.6,0.0,12.099999999999998,0.0,37.1,0.0,97.3,0.0
id094,0.0,0.0,114.2,0.0,0.0,0.0,165.0,0.0
id095,25.9,0.0,98.2,0.0,11.100000000000001,0.0,114.10000000000001,0.0
id096,40.7,0.0,111.4,0.0,40.0,0.0,138.9,0.0
id097,0.9,0.0,52.7,0.0,29.4,0.0,222.2,0.0
id098,7.0,0.0,40.3,0.0,43.2,0.0,154.29999999999998,0.0
id099,19.6,0.0,85.2,0.0,21.699999999999996,0.0,79.6,0.0
id100,50.8,0.0,151.7,0.0,1.5,0.0,29.7,0.0
id101,18.1,0.0,69.3,3.2,18.6,0.0,96.8,0.9
id102,0.0,0.0,25.7,0.0,37.2,0.0,180.29999999999998,0.0
id103,0.0,0.0,92.9,0.0,0.0,0.0,199.0,0.0
id104,63.3,0.0,77.4,0.0,100.0,0.0,70.2,0.0
id105,14.600000000000001,0.0,108.2,0.0,31.9,0.0,177.3,0.0
id106,0.0,0.0,15.399999999999999,0.0,36.7,0.0,197.5,0.0
id107,20.0,0.0,77.89999999999999,0.0,44.5,0.0,167.99999999999997,5.4
id108,23.200000000000003,0.0,80.3,0.0,34.8,0.0,77.9,0.0
id109,6.9,0.0,118.7,0.0,4.5,0.0,122.7,0.0
id110,6.3,0.0,119.8,0.0,8.2,0.0,81.4,0.0
id111,0.0,0.0,0.0,0.0,47.0,0.0,135.5,0.0
id112,19.4,0.0,91.8,0.0,58.8,0.0,188.79999999999998,0.0
id113,0.0,0.0,0.0,0.0,6.3,0.0,259.6,0.0
id114,0.0,0.0,0.0,0.0,0.0,0.0,202.5,0.0
id115,35.8,0.0,215.5,1.8,0.0,0.0,0.0,0.0
id116,58.9,0.0,50.5,0.0,65.80000000000001,0.0,50.4,0.0
id117,0.0,0.0,60.199999999999996,0.0,33.800000000000004,0.0,250.6,0.0
id118,0.0,0.0,114.0,0.0,0.0,0.0,138.7,0.0
id119,28.900000000000002,0.0,170.6,0.0,0.0,0.0,55.1,0.0
id120,0.0,0.0,5.4,0.0,45.4,0.0,194.8,6.8
id121,0.0,0.0,9.7,0.0,59.3,2.7,179.5,15.4
id122,0.0,0.0,7.9,0.0,74.7,0.0,172.49999999999997,0.0
id123,21.7,0.0,44.099999999999994,0.0,38.9,0.0,78.0,0.0
id124,20.3,0.0,88.0,0.0,24.5,0.0,104.99999999999999,0.0
id125,3.6,0.0,93.8,0.0,7.1,0.0,164.2,0.0
id126,3.6,0.0,42.3,0.0,27.8,0.0,113.3,0.0
id127,0.0,0.0,52.9,0.0,0.0,0.0,265.8,0.0
id128,0.0,0.0,12.600000000000001,0.0,37.0,0.0,145.2,0.0
id129,0.0,0.0,8.1,0.0,16.5,0.0,199.29999999999998,0.0
id130,8.600000000000001,0.0,185.10000000000002,0.0,0.0,0.0,64.0,0.0
id131,38.099999999999994,0.0,227.1,0.0,0.0,0.0,29.0,0.0
id132,0.0,0.0,72.19999999999999,0.0,0.0,0.0,167.29999999999998,0.0
id133,0.0,0.0,31.599999999999998,0.0,14.8,0.0,170.1,0.0
id134,40.900000000000006,0.0,78.79999999999998,0.0,86.8,0.0,133.4,0.0
id135,40.900000000000006,0.0,78.79999999999998,0.0,86.8,0.0,133.4,0.0
id136,0.0,0.0,13.2,0.0,0.0,0.0,318.7,5.6000000000000005
id137,0.0,0.0,0.0,0.0,0.0,0.0,286.09999999999997,0.0
id138,0.0,0.0,19.2,0.0,9.9,0.0,188.4,0.0
id139,12.700000000000001,0.0,88.0,0.8,36.5,0.0,135.5,6.2
id140,0.0,0.0,0.0,0.0,38.900000000000006,0.0,138.50000000000003,0.0
id141,0.0,0.0,0.0,0.0,0.0,0.0,182.39999999999998,0.0
id142,0.0,0.0,3.0,0.0,59.1,0.0,177.7,0.0
id143,0.0,0.0,293.40000000000003,0.0,0.0,0.0,56.6,0.0
id144,0.0,0.0,83.19999999999999,0.8,0.0,0.0,180.5,7.4
id145,0.0,0.0,85.89999999999999,0.0,0.0,0.0,240.5,0.0
id146,0.0,0.0,12.3,0.0,39.0,0.0,138.7,5.9
id147,0.9,0.0,47.0,2.7,19.8,0.0,157.00000000000003,11.9
id148,0.0,0.0,50.1,0.0,6.3,0.0,193.1,0.0
id149,0.0,0.0,0.0,0.0,150.6,0.0,180.8,0.9
id150,0.0,0.0,173.89999999999998,0.0,0.0,0.0,171.89999999999998,0.0
id151,0.0,0.0,0.0,0.0,73.5,0.0,274.1,0.0
id152,35.4,0.0,159.4,0.0,27.1,0.0,140.29999999999998,0.0
id153,0.0,0.0,70.4,0.0,10.5,0.0,227.0,0.0
id154,98.7,1.0,123.10000000000001,0.0,53.1,0.0,49.0,0.0
id155,15.100000000000001,0.0,102.39999999999999,0.0,38.2,0.0,173.0,0.0
id156,15.100000000000001,0.0,102.39999999999999,0.0,38.2,0.0,173.0,0.0
id157,0.7,0.0,62.0,0.0,26.6,0.0,151.7,0.0
id158,0.0,0.0,0.0,0.0,57.2,0.0,222.00000000000003,0.0
id159,4.5,0.0,144.2,0.0,5.7,0.0,143.3,0.0
id160,28.700000000000003,0.0,130.6,0.0,6.7,0.0,113.6,0.0
id161,9.4,0.0,195.3,0.0,0.0,0.0,22.9,0.0
id162,0.0,0.0,0.0,0.0,20.8,0.0,221.5,0.0
id163,0.0,0.0,139.8,0.0,0.0,0.0,86.8,0.0
id164,0.0,0.0,110.69999999999999,0.0,0.0,0.0,164.5,0.0
id165,24.700000000000003,0.0,213.39999999999998,6.3,0.0,0.0,25.5,0.0
id166,25.200000000000003,0.0,60.400000000000006,0.0,91.10000000000001,0.0,176.0,0.0
id167,13.600000000000001,0.0,92.9,1.6,15.8,0.0,96.0,6.1
id168,13.600000000000001,0.0,92.9,1.6,15.8,0.0,96.0,6.1
id169,0.0,0.0,53.300000000000004,0.0,0.0,0.0,205.29999999999998,0.0
id170,6.6000000000000005,0.0,106.4,5.6000000000000005,4.800000000000001,0.0,134.70000000000002,0.8
id171,0.0,0.0,190.20000000000002,0.0,0.0,0.0,113.00000000000001,0.0
id172,42.3,0.0,147.9,0.0,23.5,0.0,66.5,0.0
id173,22.700000000000003,0.0,70.7,0.0,46.300000000000004,0.0,121.19999999999999,0.0
id174,0.0,0.0,142.6,0.0,0.0,0.0,197.5,0.0
id175,17.9,0.0,163.29999999999998,0.0,6.4,0.0,107.19999999999999,0.0
id176,1.8,0.0,47.800000000000004,0.0,50.2,0.0,215.6,0.0
id177,0.0,0.0,123.00000000000001,0.0,0.0,0.0,204.8,0.0
id178,0.0,0.0,105.8,0.0,0.0,0.0,164.3,0.0
id179,6.1,0.0,43.199999999999996,0.0,29.1,0.0,145.8,0.0
id180,48.5,0.0,201.5,6.3,0.0,0.0,0.0,0.0
id181,0.0,0.0,0.0,0.0,54.4,0.0,129.8,0.0
id182,0.0,0.0,114.59999999999998,0.0,0.0,0.0,170.5,0.0
id183,0.0,0.0,181.4,0.0,0.0,0.0,73.60000000000001,0.0
id184,34.3,0.0,183.5,0.0,0.0,0.0,7.6,0.0
id185,12.1,0.0,113.69999999999999,0.0,11.100000000000001,0.0,91.6,0.0
id186,0.0,0.0,312.79999999999995,0.0,0.0,0.0,0.0,0.0
id187,5.7,0.0,40.1,0.0,44.0,0.0,150.89999999999998,0.0
id188,29.4,0.0,130.7,0.0,41.099999999999994,0.0,158.1,3.6
id189,16.0,0.0,121.3,0.0,12.600000000000001,0.0,132.7,0.0
id190,23.2,0.0,93.8,0.0,44.2,0.0,115.7,0.0
id191,3.4000000000000004,0.0,49.3,0.0,38.9,0.0,164.1,0.0
id192,13.7,0.0,134.3,0.0,39.1,0.0,276.5,0.0
id193,0.9,0.0,54.300000000000004,0.0,11.600000000000001,0.0,158.3,0.0
id194,0.0,0.0,0.0,0.0,33.7,0.0,231.89999999999998,23.700000000000003
id195,3.6,0.0,119.6,0.0,7.0,0.0,132.39999999999998,0.0
id196,166.0,16.9,209.5,24.0,9.899999999999999,0.0,46.0,0.0
id197,0.0,0.0,143.3,0.0,0.0,0.0,92.69999999999999,0.0
id198,35.4,0.0,65.3,0.0,131.4,0.0,234.70000000000002,0.0
id199,0.0,0.0,238.5,0.0,0.0,0.0,24.700000000000003,0.0
id200,0.0,0.0,0.0,0.0,8.1,0.0,239.7,8.600000000000001
id201,17.2,0.0,223.3,0.0,0.0,0.0,8.5,0.0
id202,4.4,0.0,87.2,0.0,42.2,0.0,206.39999999999998,0.0
id203,120.49999999999999,0.0,215.8,0.0,13.399999999999999,0.0,47.800000000000004,0.0
id204,4.6,0.0,74.4,2.4000000000000004,19.3,0.0,195.7,14.7
id205,45.400000000000006,0.0,33.5,0.0,168.6,0.0,117.3,0.0
id206,4.4,0.0,49.2,0.0,23.0,0.0,130.5,0.0
id207,0.0,0.0,78.2,0.0,0.0,0.0,128.59999999999997,0.0
id208,0.0,0.0,41.6,0.0,8.1,0.0,179.5,0.0
id209,9.5,0.0,81.4,0.0,28.5,0.0,128.8,0.0
id210,0.0,0.0,69.3,0.0,0.0,0.0,229.9,0.0
id211,1.8,0.0,4.9,0.0,90.7,0.0,157.49999999999997,0.0
id212,24.8,0.0,202.4,0.0,0.0,0.0,76.5,0.0
id213,0.9,0.0,34.5,0.0,29.1,0.0,164.7,0.0
id214,16.1,0.0,95.8,0.0,69.6,0.0,187.9,0.0
id215,0.0,0.0,56.2,0.0,9.3,0.0,261.79999999999995,0.0
id216,32.800000000000004,0.0,79.3,0.0,59.7,0.0,76.4,0.0
id217,1.0,0.0,32.9,0.0,42.0,0.0,178.4,0.0
id218,0.0,0.0,124.19999999999999,0.0,0.0,0.0,68.4,0.0
id219,0.0,0.0,118.30000000000001,0.0,0.0,0.0,68.0,0.0
id220,51.5,0.0,169.9,0.0,0.0,0.0,4.0,0.0
id221,0.0,0.0,333.5,0.0,0.0,0.0,0.0,0.0
id222,0.0,0.0,0.0,0.0,0.0,0.0,280.90000000000003,0.0
id223,20.400000000000002,0.0,265.0,7.5,0.0,0.0,0.0,0.0
id224,0.0,0.0,109.5,0.0,0.0,0.0,171.9,0.0
id225,13.7,0.0,49.599999999999994,0.0,70.1,0.0,207.29999999999998,0.0
id226,47.7,0.0,90.5,0.0,81.3,0.0,119.49999999999999,0.0
id227,10.9,0.0,23.5,0.0,92.1,7.2,152.7,14.7
id228,3.6,0.0,20.5,0.0,54.5,0.0,142.4,0.0
id229,0.0,0.0,4.6,0.0,49.300000000000004,0.0,150.4,0.0
id230,0.0,0.0,0.0,0.0,18.8,0.0,264.59999999999997,6.0
id231,0.0,0.0,90.5,0.0,0.0,0.0,151.39999999999998,0.0
id232,0.0,0.0,54.5,0.0,0.0,0.0,195.89999999999998,0.0
id233,0.0,0.0,145.4,0.0,0.0,0.0,84.3,0.0
id234,10.2,0.0,109.1,0.0,31.6,0.0,213.99999999999997,0.0
id235,7.300000000000001,0.0,87.3,0.0,18.9,0.0,187.99999999999997,0.0
id236,0.0,0.0,108.49999999999999,0.0,0.0,0.0,121.9,0.0
id237,14.0,0.0,109.5,0.0,31.4,0.0,132.2,0.0
id238,0.0,0.0,0.0,0.0,0.0,0.0,217.59999999999997,0.0
id239,6.2,0.0,164.6,2.4000000000000004,16.3,0.0,234.09999999999997,7.500000000000001
id240,0.0,0.0,0.0,0.0,113.99999999999999,4.2,192.79999999999998,9.700000000000001
id241,8.1,0.0,231.5,0.0,0.0,0.0,28.5,0.0
id242,1.8,0.0,57.5,0.0,9.0,0.0,136.20000000000002,0.0
id243,36.7,0.0,64.8,0.0,39.0,0.0,74.2,0.0
id244,3.6,0.0,107.70000000000002,0.0,0.9,0.0,104.99999999999999,0.0
id245,17.4,0.0,48.0,0.0,81.0,0.0,85.5,0.0
id246,54.599999999999994,0.0,155.79999999999998,0.0,10.4,0.0,46.599999999999994,0.0
id247,54.599999999999994,0.0,155.79999999999998,0.0,10.4,0.0,46.599999999999994,0.0
id248,35.9,0.0,105.4,4.9,14.8,0.0,82.8,3.6
id249,0.0,0.0,58.0,0.0,29.9,0.0,250.5,23.9
id250,26.1,0.0,82.8,0.0,33.300000000000004,0.0,114.19999999999999,0.0
id251,0.0,0.0,0.0,0.0,8.2,0.0,298.4,2.4000000000000004
id252,113.0,0.0,103.5,0.0,6.6,0.0,14.7,0.0
id253,113.69999999999999,0.0,110.4,0.0,10.6,0.0,13.8,0.0
id254,0.0,0.0,0.0,0.0,0.0,0.0,278.40000000000003,0.0
id255,0.0,0.0,0.0,0.0,24.1,0.0,204.70000000000002,0.0
id256,28.700000000000003,0.0,184.7,0.0,6.9,0.0,95.7,0.0
id257,28.700000000000003,0.0,184.7,0.0,6.9,0.0,95.7,0.0
id258,13.400000000000002,0.0,76.2,0.0,27.700000000000003,0.0,162.89999999999998,0.0
id259,68.30000000000001,0.0,85.69999999999999,0.0,0.0,0.0,0.0,0.0
id260,11.4,0.0,100.0,0.0,14.1,0.0,115.19999999999999,0.0
id261,32.9,3.9,79.0,9.4,18.4,0.8,107.9,0.8
id262,1.8,0.0,94.1,0.0,23.6,0.0,236.1,0.0
id263,0.0,0.0,0.0,0.0,45.6,0.0,258.79999999999995,0.0
id264,0.0,0.0,158.2,0.0,0.0,0.0,117.10000000000001,0.0
id265,0.0,0.0,172.0,0.0,0.0,0.0,149.2,0.0
id266,0.0,0.0,57.9,0.0,0.0,0.0,217.6,0.0
id267,17.4,0.0,194.39999999999998,0.9,8.9,0.0,151.7,0.9
id268,45.7,0.0,41.300000000000004,14.5,77.2,30.0,50.5,20.8
id269,9.5,0.0,194.60000000000002,0.0,0.0,0.0,16.4,0.0
id270,0.0,0.0,97.49999999999999,7.0,0.0,0.0,186.0,13.7
id271,14.200000000000001,0.0,55.00000000000001,0.0,50.4,0.0,119.49999999999999,0.0
id272,47.4,0.0,90.2,0.0,39.3,0.0,85.9,0.0
id273,60.4,0.0,153.0,0.0,35.400000000000006,0.0,110.4,0.0
id274,0.0,0.0,81.9,0.0,9.0,0.0,232.59999999999997,0.0
id275,6.9,0.0,11.0,0.0,118.39999999999999,21.0,179.99999999999997,16.2
id276,3.0,0.0,109.70000000000002,0.0,8.6,0.0,164.6,0.0
id277,0.0,0.0,145.7,0.0,0.0,0.0,101.6,0.0
id278,0.0,0.0,0.0,0.0,41.400000000000006,0.0,173.79999999999998,0.0
id279,4.800000000000001,0.0,74.3,0.0,35.099999999999994,0.0,147.1,0.0
id280,37.9,0.0,191.3,0.0,52.800000000000004,0.0,236.20000000000002,0.0
id281,32.0,0.0,187.4,0.0,0.0,0.0,1.8,0.0
id282,24.1,0.0,178.4,0.0,0.0,0.0,17.2,0.0
id283,22.5,0.0,52.199999999999996,0.0,56.2,0.0,107.1,0.0
id284,0.0,0.0,242.60000000000002,5.1000000000000005,0.0,0.0,1.2999999999999998,0.0
id285,19.299999999999997,0.0,63.599999999999994,0.0,36.800000000000004,0.0,129.0,0.0
id286,15.600000000000001,0.0,120.79999999999998,0.0,11.8,0.0,69.8,0.0
id287,14.9,0.0,110.30000000000001,0.0,39.800000000000004,0.0,105.8,0.0
id288,0.0,0.0,90.7,0.0,0.0,0.0,265.0,0.0
id289,0.0,0.0,150.29999999999998,0.0,0.0,0.0,264.7,0.0
id290,19.700000000000003,0.0,107.5,0.0,92.60000000000001,0.0,274.59999999999997,0.0
id291,34.1,0.0,86.4,0.0,104.3,0.0,130.9,0.0
id292,11.600000000000001,0.0,67.0,0.0,37.4,0.0,150.29999999999998,0.0
id293,25.3,0.0,117.7,18.4,2.5,0.0,67.7,0.9
id294,2.9,0.0,182.6,0.0,5.4,0.0,250.0,0.0
id295,121.6,0.0,207.2,0.0,0.0,0.0,25.0,0.0
id296,0.0,0.0,176.10000000000002,0.0,0.0,0.0,193.2,0.0
id297,0.0,0.0,178.20000000000002,4.800000000000001,0.0,0.0,0.0,0.0
id298,2.7,0.0,35.3,0.0,69.9,0.0,261.2,0.0
id299,1.8,0.0,6.9,0.0,72.0,0.0,170.0,0.0
id300,0.0,0.0,39.900000000000006,0.0,5.4,0.0,129.8,0.0
id301,16.9,0.0,141.9,0.0,61.699999999999996,0.0,316.09999999999997,0.0
id302,0.0,0.0,0.0,0.0,0.0,0.0,278.7,0.0
id303,0.0,0.0,0.0,0.0,0.0,0.0,248.5,0.0
id304,102.69999999999999,0.0,201.0,0.0,4.3,0.0,70.9,0.0
id305,17.6,0.0,88.30000000000001,0.0,15.5,0.0,129.5,0.0
id306,15.200000000000001,0.0,177.6,0.0,14.299999999999999,0.0,118.19999999999999,0.0
id307,22.8,0.0,139.10000000000002,0.0,111.5,0.0,306.20000000000005,0.0
id308,0.0,0.0,65.4,0.0,0.0,0.0,142.29999999999998,0.0
id309,0.0,0.0,65.4,0.0,0.0,0.0,142.29999999999998,0.0
id310,81.6,0.0,111.1,0.0,38.3,0.0,42.900000000000006,0.0
id311,9.200000000000001,0.0,204.1,0.0,0.0,0.0,90.3,0.0
id312,0.0,0.0,0.0,0.0,0.0,0.0,407.7,0.0
id313,29.8,0.0,138.2,0.0,74.6,0.0,211.89999999999998,0.0
id314,0.0,0.0,90.9,79.8,0.0,0.0,151.3,148.79999999999998
id315,0.0,0.0,34.0,0.0,22.900000000000002,0.0,233.6,0.0
id316,29.5,0.0,126.70000000000002,0.0,54.900000000000006,0.0,189.79999999999998,0.0
id317,10.0,0.0,104.7,0.0,22.3,0.0,200.8,0.0
id318,41.400000000000006,0.0,136.39999999999998,0.0,44.5,0.0,151.8,0.0
id319,52.400000000000006,0.0,123.4,0.0,9.3,0.0,49.4,0.0
id320,17.1,0.0,149.9,6.4,20.5,0.0,143.1,9.4
id321,0.0,0.0,107.2,0.0,0.0,0.0,177.4,0.0
id322,20.3,0.0,105.7,0.0,36.8,0.0,151.4,0.0
id323,11.9,0.0,63.7,0.0,83.4,0.0,221.3,0.0
id324,140.5,0.0,83.3,0.0,97.79999999999998,0.0,51.099999999999994,0.0
id325,0.0,0.0,0.0,0.0,48.0,0.0,152.6,0.0
id326,0.0,0.0,46.8,0.0,0.0,0.0,182.2,0.0
id327,9.0,0.0,72.0,0.0,64.8,0.0,242.7,0.0
id328,1.8,0.0,19.8,0.0,123.8,0.0,261.59999999999997,0.0
id329,0.0,0.0,14.9,0.0,0.0,0.0,363.5,0.0
id330,25.4,0.0,217.5,0.0,12.7,0.0,151.6,0.0
id331,70.8,0.0,107.7,0.0,87.0,0.0,117.9,0.0
id332,0.0,0.0,34.300000000000004,0.0,76.9,0.0,333.5,8.9
id333,0.0,0.0,62.900000000000006,0.0,0.0,0.0,282.3,0.0
id334,0.0,0.0,153.6,0.0,0.0,0.0,120.50000000000001,0.0
id335,19.200000000000003,0.0,184.10000000000002,2.4000000000000004,37.50000000000001,0.0,236.49999999999994,9.200000000000001
id336,25.2,0.0,88.89999999999999,0.0,40.4,0.0,166.0,0.0
id337,0.0,0.0,131.5,0.0,0.0,0.0,231.99999999999997,0.0
id338,0.0,0.0,131.5,0.0,0.0,0.0,231.99999999999997,0.0
id339,22.1,0.0,73.60000000000001,0.0,84.0,0.0,239.0,0.0
id340,0.0,0.0,49.8,0.0,3.2,0.0,203.29999999999998,0.0
id341,22.9,0.0,84.69999999999999,0.0,36.199999999999996,0.0,140.0,0.0
id342,0.9,0.0,46.4,0.0,39.8,0.0,237.9,0.0
id343,156.6,0.0,238.40000000000003,0.0,0.0,0.0,0.0,0.0
id344,0.0,0.0,0.0,0.0,74.3,0.0,297.79999999999995,0.0
id345,0.0,0.0,96.89999999999999,0.0,0.0,0.0,176.5,0.0
id346,0.0,0.0,89.6,0.0,0.0,0.0,155.7,0.0
id347,0.0,0.0,71.3,0.0,0.0,0.0,98.69999999999999,0.0
id348,43.0,0.0,192.1,0.0,37.3,0.0,183.59999999999997,0.0
id349,22.4,0.0,163.9,0.0,18.2,0.0,138.20000000000002,0.0
id350,0.0,0.0,1.4,0.0,0.0,0.0,164.20000000000002,0.0
id351,8.1,0.0,70.5,0.0,102.4,0.9,312.40000000000003,38.6
id352,22.2,0.0,185.9,0.0,7.800000000000001,0.0,140.39999999999998,0.0
id353,7.800000000000001,0.0,26.4,0.0,75.9,0.0,168.6,0.0
id354,74.10000000000001,0.0,133.7,0.0,87.1,0.0,146.29999999999998,0.0
id355,0.0,0.0,0.0,0.0,0.0,0.0,414.09999999999997,0.0
id356,0.0,0.0,0.0,0.0,26.0,0.0,215.8,0.0
id357,3.6,0.0,209.4,0.0,0.0,0.0,95.5,0.0
id358,14.099999999999998,0.0,47.599999999999994,0.0,50.6,0.0,92.1,0.0
id359,33.400000000000006,0.0,78.5,0.0,99.4,0.0,182.39999999999998,0.0
id360,29.800000000000004,0.0,152.1,0.0,13.1,0.0,105.6,0.0
id361,12.1,0.0,91.5,2.6,60.2,1.8,166.79999999999998,26.5
id362,0.0,0.0,18.0,0.0,47.900000000000006,0.0,202.4,0.0
id363,0.0,0.0,0.0,0.0,192.29999999999998,0.0,317.9,6.3
id364,1.8,0.0,13.700000000000001,0.0,168.79999999999998,0.0,223.6,0.0
id365,13.9,0.0,215.0,17.3,4.5,0.0,183.1,18.400000000000002
id366,39.6,0.0,183.1,0.0,13.0,0.0,110.0,0.0
id367,12.399999999999999,0.0,112.80000000000001,0.0,2.7,0.0,87.4,0.0
id368,14.2,0.0,96.4,0.0,66.30000000000001,0.0,204.5,0.0
id369,59.900000000000006,0.0,204.99999999999997,0.0,3.3,0.0,111.6,0.0
id370,51.5,0.0,123.89999999999999,0.0,4.3,0.0,64.1,0.0
id371,0.0,0.0,33.099999999999994,0.0,0.0,0.0,260.20000000000005,0.0
id372,27.9,0.0,73.8,0.0,51.5,0.0,109.79999999999998,0.0
id373,0.0,0.0,0.0,0.0,0.0,0.0,229.8,0.0
id374,0.0,0.0,0.0,0.0,13.0,0.0,462.49999999999994,0.0
id375,0.0,0.0,0.0,0.0,6.3,0.0,362.40000000000003,0.0
id376,35.2,0.0,133.4,0.0,47.2,0.0,169.6,0.0
id377,0.0,0.0,82.1,0.0,0.0,0.0,225.39999999999998,12.8
id378,0.0,0.0,0.0,0.0,4.5,0.0,179.9,0.0
id379,44.5,0.0,107.89999999999999,0.0,22.5,0.0,89.79999999999998,0.0
id380,37.5,0.0,133.5,0.0,40.4,0.0,155.20000000000002,0.0
id381,33.9,0.0,74.6,0.0,53.49999999999999,0.0,95.0,0.0
id382,0.0,0.0,57.599999999999994,0.0,0.0,0.0,221.2,0.0
id383,24.300000000000004,0.0,227.49999999999997,0.0,0.0,0.0,8.5,0.0
id384,1.8,0.0,50.0,0.0,60.5,0.0,261.2,0.0
id385,0.0,0.0,101.89999999999999,35.2,0.0,0.0,141.1,52.8
id386,0.0,0.0,11.200000000000001,0.0,40.9,0.0,199.50000000000003,0.0
id387,8.7,0.0,32.9,0.0,31.0,0.0,127.39999999999999,0.0
id388,8.7,0.0,32.9,0.0,31.0,0.0,127.39999999999999,0.0
id389,7.800000000000001,0.0,123.80000000000001,0.0,30.8,0.0,237.39999999999998,0.0
id390,5.0,0.0,66.3,0.0,71.69999999999999,0.0,283.4,0.0
id391,0.0,0.0,49.9,0.0,0.0,0.0,328.2,0.0
id392,0.0,0.0,116.19999999999999,0.0,0.9,0.0,361.6,12.8
id393,0.0,0.0,127.3,0.0,0.0,0.0,182.39999999999998,0.0
id394,0.0,0.0,127.3,0.0,0.0,0.0,182.39999999999998,0.0
id395,0.0,0.0,0.0,0.0,102.99999999999997,0.0,173.89999999999998,0.0
id396,3.1999999999999997,0.0,24.8,0.0,40.3,0.0,151.4,0.0
id397,0.0,0.0,133.29999999999998,0.0,0.0,0.0,239.9,0.0
id398,27.299999999999997,0.0,93.0,0.0,37.9,0.0,109.7,0.0
id399,6.7,0.0,54.800000000000004,0.0,54.7,0.0,239.0,0.0
id400,37.7,0.0,143.6,0.0,45.900000000000006,0.0,161.6,0.0
