Paciente1
1.7000000000000002,0.0,46.800000000000004,0.0,44.1,0.0,242.59999999999997,0.0,
Paciente2
40.0,0.0,199.0,0.0,0.0,0.0,0.0,0.0,
Paciente3
47.900000000000006,0.0,121.89999999999999,0.0,7.8999999999999995,0.0,67.0,0.0,
Paciente4
0.0,0.0,41.0,0.0,9.9,0.0,193.1,0.0,
Paciente5
9.2,0.0,141.9,0.0,0.0,0.0,38.599999999999994,0.0,
Paciente6
7.7,0.0,36.9,3.5,28.7,3.7,104.6,12.5,
Paciente7
4.5,0.0,88.4,0.0,11.9,0.0,181.79999999999995,0.0,
Paciente8
16.1,0.0,47.099999999999994,0.0,60.3,0.0,158.29999999999998,0.0,
Paciente9
49.8,0.0,46.800000000000004,0.0,62.699999999999996,0.0,59.8,0.0,
Paciente10
0.0,0.0,4.8,0.0,0.0,0.0,193.1,0.0,
Paciente11
22.1,0.0,62.8,0.0,46.800000000000004,0.0,119.70000000000002,0.0,
Paciente12
28.0,0.0,116.19999999999999,0.0,7.8,0.0,77.39999999999999,0.0,
Paciente13
30.599999999999994,0.0,79.3,0.0,48.199999999999996,0.0,128.2,0.0,
Paciente14
0.0,0.0,69.2,0.0,9.9,0.0,221.4,0.0,
Paciente15
9.0,0.0,83.4,0.0,13.0,0.0,113.2,0.0,
Paciente16
15.0,0.0,36.8,0.0,45.3,0.0,119.0,0.0,
Paciente17
5.4,0.0,153.39999999999998,0.0,0.0,0.0,110.3,0.0,
Paciente18
26.7,0.0,84.4,0.0,25.9,0.0,63.5,0.0,
Paciente19
0.8,0.0,80.1,0.0,8.0,0.0,124.09999999999998,0.0,
Paciente20
61.30000000000001,0.0,114.7,0.0,9.5,0.0,55.4,0.0,
Paciente21
25.2,0.0,165.79999999999998,0.0,0.0,0.0,67.1,0.0,
Paciente22
32.199999999999996,0.0,161.89999999999998,0.0,13.1,0.0,113.5,0.0,
Paciente23
0.0,0.0,9.600000000000001,0.0,33.900000000000006,0.0,200.79999999999998,3.6,
Paciente24
7.0,0.0,87.0,0.0,23.6,0.0,214.69999999999996,0.0,
Paciente25
0.0,0.0,281.9,0.0,0.0,0.0,83.99999999999999,0.0,
Paciente26
0.0,0.0,101.9,0.0,0.0,0.0,169.6,0.0,
Paciente27
2.0,0.0,13.9,0.0,58.300000000000004,0.0,144.29999999999998,0.0,
Paciente28
9.600000000000001,0.0,48.800000000000004,0.0,68.6,0.0,116.6,0.0,
Paciente29
46.099999999999994,0.0,80.9,0.0,28.7,0.0,88.60000000000001,0.0,
Paciente30
67.8,0.0,50.49999999999999,0.0,50.0,0.0,54.300000000000004,0.0,
Paciente31
0.0,0.0,195.6,0.0,0.0,0.0,4.7,0.0,
Paciente32
0.0,0.0,201.5,0.0,0.0,0.0,3.8,0.0,
Paciente33
6.3,0.0,155.2,0.0,0.0,0.0,88.5,0.0,
Paciente34
88.80000000000001,0.0,183.5,0.0,9.6,0.0,73.6,0.0,
Paciente35
7.6000000000000005,0.0,20.1,0.0,40.7,0.0,91.50000000000001,0.0,
Paciente36
11.100000000000001,0.0,54.8,0.0,46.3,0.0,132.1,0.0,
Paciente37
27.4,0.0,165.0,0.0,12.7,0.0,113.0,0.0,
Paciente38
25.1,0.0,48.7,0.0,59.8,0.0,96.80000000000001,0.0,
Paciente39
3.6,0.0,14.0,0.0,74.2,0.0,177.9,4.5,
Paciente40
0.0,0.0,170.1,0.0,0.0,0.0,0.0,0.0,
Paciente41
22.5,0.0,56.5,5.4,38.699999999999996,2.7,82.69999999999999,5.3999999999999995,
Paciente42
0.0,0.0,0.0,0.0,10.5,0.0,233.8,0.0,
Paciente43
43.099999999999994,0.0,162.29999999999998,0.0,0.0,0.0,0.0,0.0,
Paciente44
0.0,0.0,29.3,0.0,36.1,0.0,160.6,0.0,
Paciente45
13.5,0.0,109.5,0.0,16.1,0.0,145.4,0.0,
Paciente46
4.4,0.0,94.0,0.0,28.3,0.0,232.9,0.0,
Paciente47
4.0,0.0,81.79999999999998,0.0,12.8,0.0,115.39999999999999,0.0,
Paciente48
11.7,0.0,99.39999999999999,0.0,7.9,0.0,72.69999999999999,0.0,
Paciente49
39.3,0.0,176.0,0.0,0.0,0.0,0.0,0.0,
Paciente50
2.7,0.0,72.30000000000001,0.0,16.4,0.0,166.5,0.0,
Paciente51
29.9,0.0,222.1,0.0,0.0,0.0,45.8,0.0,
Paciente52
1.8,0.0,45.3,0.0,28.4,0.0,157.49999999999997,0.0,
Paciente53
8.7,0.0,39.099999999999994,0.0,56.400000000000006,0.0,159.9,0.0,
Paciente54
1.6,0.0,33.3,0.0,42.0,0.0,158.29999999999998,0.0,
Paciente55
32.4,0.0,81.3,0.0,20.4,0.0,36.1,0.0,
Paciente56
13.799999999999999,0.0,53.699999999999996,29.5,11.0,12.3,68.9,19.599999999999998,
Paciente57
75.39999999999999,0.0,135.5,0.0,0.0,0.0,20.9,0.0,
Paciente58
13.7,0.0,83.5,0.0,38.800000000000004,0.0,176.0,0.0,
Paciente59
34.6,0.0,122.6,0.0,12.399999999999999,0.0,62.400000000000006,0.0,
Paciente60
0.0,0.0,157.6,0.0,0.0,0.0,205.79999999999998,0.0,
Paciente61
0.0,0.0,44.0,0.0,0.0,0.0,116.9,0.0,
Paciente62
34.0,0.0,213.60000000000002,0.0,0.0,0.0,68.8,0.0,
Paciente63
0.0,0.0,3.6,0.0,40.2,0.0,174.2,10.4,
Paciente64
10.4,0.0,101.9,5.4,13.7,0.0,130.6,8.0,
Paciente65
54.39999999999999,0.0,139.8,0.0,24.6,0.0,99.1,0.0,
Paciente66
44.6,0.0,101.9,0.0,6.8,0.0,70.1,0.0,
Paciente67
21.900000000000002,0.0,77.2,0.0,40.4,0.0,128.2,0.0,
Paciente68
46.7,5.4,138.39999999999998,32.900000000000006,0.0,0.0,60.5,0.0,
Paciente69
2.0,0.0,23.0,0.0,38.6,0.0,138.9,0.0,
Paciente70
0.0,0.0,186.1,0.0,0.0,0.0,31.5,0.0,
Paciente71
15.7,0.0,34.7,0.0,46.0,0.0,97.89999999999999,0.0,
Paciente72
9.9,0.0,61.599999999999994,2.4000000000000004,32.3,1.9,125.9,7.1,
Paciente73
53.5,2.7,108.89999999999999,6.800000000000001,14.7,0.0,49.199999999999996,0.0,
Paciente74
16.1,0.0,22.1,0.0,74.2,0.0,63.8,0.0,
Paciente75
42.0,0.0,12.0,0.0,94.9,0.0,56.3,0.0,
Paciente76
0.0,0.0,27.299999999999997,0.0,5.4,0.0,225.2,0.0,
Paciente77
25.400000000000002,0.0,164.6,0.0,0.0,0.0,23.8,0.0,
Paciente78
8.100000000000001,0.0,42.4,0.0,30.700000000000003,0.0,111.70000000000002,0.0,
Paciente79
91.89999999999999,4.0,85.2,0.8,19.7,0.0,57.3,0.0,
Paciente80
0.0,0.0,0.0,0.0,61.2,0.9,238.79999999999998,6.800000000000001,
Paciente81
0.0,0.0,224.5,0.0,0.0,0.0,125.6,0.0,
Paciente82
0.0,0.0,65.9,0.0,16.5,0.0,227.6,0.0,
Paciente83
17.0,0.0,187.5,0.0,0.0,0.0,44.5,0.0,
Paciente84
10.4,0.0,46.5,0.0,64.2,0.0,156.89999999999998,0.0,
Paciente85
7.800000000000001,0.0,75.60000000000001,0.0,41.4,0.0,212.7,0.0,
Paciente86
45.3,0.0,128.3,0.0,8.7,0.0,100.7,0.0,
Paciente87
38.4,0.0,122.6,0.0,20.900000000000002,0.0,114.99999999999999,0.0,
Paciente88
7.0,0.0,49.5,0.0,45.0,0.0,169.70000000000002,0.0,
Paciente89
10.0,0.0,35.3,0.0,79.10000000000001,0.0,202.6,0.0,
Paciente90
15.0,0.0,77.8,0.0,44.1,0.0,187.2,0.0,
Paciente91
0.0,0.0,96.69999999999999,4.0,0.0,0.0,163.5,4.9,
Paciente92
24.200000000000003,0.0,72.1,0.0,53.300000000000004,0.0,130.9,0.0,
Paciente93
4.6,0.0,12.099999999999998,0.0,37.1,0.0,97.3,0.0,
Paciente94
0.0,0.0,114.2,0.0,0.0,0.0,165.0,0.0,
Paciente95
25.9,0.0,98.2,0.0,11.100000000000001,0.0,114.10000000000001,0.0,
Paciente96
40.7,0.0,111.4,0.0,40.0,0.0,138.9,0.0,
Paciente97
0.9,0.0,52.7,0.0,29.4,0.0,222.2,0.0,
Paciente98
7.0,0.0,40.3,0.0,43.2,0.0,154.29999999999998,0.0,
Paciente99
19.6,0.0,85.2,0.0,21.699999999999996,0.0,79.6,0.0,
Paciente100
50.8,0.0,151.7,0.0,1.5,0.0,29.7,0.0,
Paciente101
18.1,0.0,69.3,3.2,18.6,0.0,96.8,0.9,
Paciente102
0.0,0.0,25.7,0.0,37.2,0.0,180.29999999999998,0.0,
Paciente103
0.0,0.0,92.9,0.0,0.0,0.0,199.0,0.0,
Paciente104
63.3,0.0,77.4,0.0,100.0,0.0,70.2,0.0,
Paciente105
14.600000000000001,0.0,108.2,0.0,31.9,0.0,177.3,0.0,
Paciente106
0.0,0.0,15.399999999999999,0.0,36.7,0.0,197.5,0.0,
Paciente107
20.0,0.0,77.89999999999999,0.0,44.5,0.0,167.99999999999997,5.4,
Paciente108
23.200000000000003,0.0,80.3,0.0,34.8,0.0,77.9,0.0,
Paciente109
6.9,0.0,118.7,0.0,4.5,0.0,122.7,0.0,
Paciente110
6.3,0.0,119.8,0.0,8.2,0.0,81.4,0.0,
Paciente111
0.0,0.0,0.0,0.0,47.0,0.0,135.5,0.0,
Paciente112
19.4,0.0,91.8,0.0,58.8,0.0,188.79999999999998,0.0,
Paciente113
0.0,0.0,0.0,0.0,6.3,0.0,259.6,0.0,
Paciente114
0.0,0.0,0.0,0.0,0.0,0.0,202.5,0.0,
Paciente115
35.8,0.0,215.5,1.8,0.0,0.0,0.0,0.0,
Paciente116
58.9,0.0,50.5,0.0,65.80000000000001,0.0,50.4,0.0,
Paciente117
0.0,0.0,60.199999999999996,0.0,33.800000000000004,0.0,250.6,0.0,
Paciente118
0.0,0.0,114.0,0.0,0.0,0.0,138.7,0.0,
Paciente119
28.900000000000002,0.0,170.6,0.0,0.0,0.0,55.1,0.0,
Paciente120
0.0,0.0,5.4,0.0,45.4,0.0,194.8,6.8,
Paciente121
0.0,0.0,9.7,0.0,59.3,2.7,179.5,15.4,
Paciente122
0.0,0.0,7.9,0.0,74.7,0.0,172.49999999999997,0.0,
Paciente123
21.7,0.0,44.099999999999994,0.0,38.9,0.0,78.0,0.0,
Paciente124
20.3,0.0,88.0,0.0,24.5,0.0,104.99999999999999,0.0,
Paciente125
3.6,0.0,93.8,0.0,7.1,0.0,164.2,0.0,
Paciente126
3.6,0.0,42.3,0.0,27.8,0.0,113.3,0.0,
Paciente127
0.0,0.0,52.9,0.0,0.0,0.0,265.8,0.0,
Paciente128
0.0,0.0,12.600000000000001,0.0,37.0,0.0,145.2,0.0,
Paciente129
0.0,0.0,8.1,0.0,16.5,0.0,199.29999999999998,0.0,
Paciente130
8.600000000000001,0.0,185.10000000000002,0.0,0.0,0.0,64.0,0.0,
Paciente131
38.099999999999994,0.0,227.1,0.0,0.0,0.0,29.0,0.0,
Paciente132
0.0,0.0,72.19999999999999,0.0,0.0,0.0,167.29999999999998,0.0,
Paciente133
0.0,0.0,31.599999999999998,0.0,14.8,0.0,170.1,0.0,
Paciente134
40.900000000000006,0.0,78.79999999999998,0.0,86.8,0.0,133.4,0.0,
Paciente135
40.900000000000006,0.0,78.79999999999998,0.0,86.8,0.0,133.4,0.0,
Paciente136
0.0,0.0,13.2,0.0,0.0,0.0,318.7,5.6000000000000005,
Paciente137
0.0,0.0,0.0,0.0,0.0,0.0,286.09999999999997,0.0,
Paciente138
0.0,0.0,19.2,0.0,9.9,0.0,188.4,0.0,
Paciente139
12.700000000000001,0.0,88.0,0.8,36.5,0.0,135.5,6.2,
Paciente140
0.0,0.0,0.0,0.0,38.900000000000006,0.0,138.50000000000003,0.0,
Paciente141
0.0,0.0,0.0,0.0,0.0,0.0,182.39999999999998,0.0,
Paciente142
0.0,0.0,3.0,0.0,59.1,0.0,177.7,0.0,
Paciente143
0.0,0.0,293.40000000000003,0.0,0.0,0.0,56.6,0.0,
Paciente144
0.0,0.0,83.19999999999999,0.8,0.0,0.0,180.5,7.4,
Paciente145
0.0,0.0,85.89999999999999,0.0,0.0,0.0,240.5,0.0,
Paciente146
0.0,0.0,12.3,0.0,39.0,0.0,138.7,5.9,
Paciente147
0.9,0.0,47.0,2.7,19.8,0.0,157.00000000000003,11.9,
Paciente148
0.0,0.0,50.1,0.0,6.3,0.0,193.1,0.0,
Paciente149
0.0,0.0,0.0,0.0,150.6,0.0,180.8,0.9,
Paciente150
0.0,0.0,173.89999999999998,0.0,0.0,0.0,171.89999999999998,0.0,
Paciente151
0.0,0.0,0.0,0.0,73.5,0.0,274.1,0.0,
Paciente152
35.4,0.0,159.4,0.0,27.1,0.0,140.29999999999998,0.0,
Paciente153
0.0,0.0,70.4,0.0,10.5,0.0,227.0,0.0,
Paciente154
98.7,1.0,123.10000000000001,0.0,53.1,0.0,49.0,0.0,
Paciente155
15.100000000000001,0.0,102.39999999999999,0.0,38.2,0.0,173.0,0.0,
Paciente156
15.100000000000001,0.0,102.39999999999999,0.0,38.2,0.0,173.0,0.0,
Paciente157
0.7,0.0,62.0,0.0,26.6,0.0,151.7,0.0,
Paciente158
0.0,0.0,0.0,0.0,57.2,0.0,222.00000000000003,0.0,
Paciente159
4.5,0.0,144.2,0.0,5.7,0.0,143.3,0.0,
Paciente160
28.700000000000003,0.0,130.6,0.0,6.7,0.0,113.6,0.0,
Paciente161
9.4,0.0,195.3,0.0,0.0,0.0,22.9,0.0,
Paciente162
0.0,0.0,0.0,0.0,20.8,0.0,221.5,0.0,
Paciente163
0.0,0.0,139.8,0.0,0.0,0.0,86.8,0.0,
Paciente164
0.0,0.0,110.69999999999999,0.0,0.0,0.0,164.5,0.0,
Paciente165
24.700000000000003,0.0,213.39999999999998,6.3,0.0,0.0,25.5,0.0,
Paciente166
25.200000000000003,0.0,60.400000000000006,0.0,91.10000000000001,0.0,176.0,0.0,
Paciente167
13.600000000000001,0.0,92.9,1.6,15.8,0.0,96.0,6.1,
Paciente168
13.600000000000001,0.0,92.9,1.6,15.8,0.0,96.0,6.1,
Paciente169
0.0,0.0,53.300000000000004,0.0,0.0,0.0,205.29999999999998,0.0,
Paciente170
6.6000000000000005,0.0,106.4,5.6000000000000005,4.800000000000001,0.0,134.70000000000002,0.8,
Paciente171
0.0,0.0,190.20000000000002,0.0,0.0,0.0,113.00000000000001,0.0,
Paciente172
42.3,0.0,147.9,0.0,23.5,0.0,66.5,0.0,
Paciente173
22.700000000000003,0.0,70.7,0.0,46.300000000000004,0.0,121.19999999999999,0.0,
Paciente174
0.0,0.0,142.6,0.0,0.0,0.0,197.5,0.0,
Paciente175
17.9,0.0,163.29999999999998,0.0,6.4,0.0,107.19999999999999,0.0,
Paciente176
1.8,0.0,47.800000000000004,0.0,50.2,0.0,215.6,0.0,
Paciente177
0.0,0.0,123.00000000000001,0.0,0.0,0.0,204.8,0.0,
Paciente178
0.0,0.0,105.8,0.0,0.0,0.0,164.3,0.0,
Paciente179
6.1,0.0,43.199999999999996,0.0,29.1,0.0,145.8,0.0,
Paciente180
48.5,0.0,201.5,6.3,0.0,0.0,0.0,0.0,
Paciente181
0.0,0.0,0.0,0.0,54.4,0.0,129.8,0.0,
Paciente182
0.0,0.0,114.59999999999998,0.0,0.0,0.0,170.5,0.0,
Paciente183
0.0,0.0,181.4,0.0,0.0,0.0,73.60000000000001,0.0,
Paciente184
34.3,0.0,183.5,0.0,0.0,0.0,7.6,0.0,
Paciente185
12.1,0.0,113.69999999999999,0.0,11.100000000000001,0.0,91.6,0.0,
Paciente186
0.0,0.0,312.79999999999995,0.0,0.0,0.0,0.0,0.0,
Paciente187
5.7,0.0,40.1,0.0,44.0,0.0,150.89999999999998,0.0,
Paciente188
29.4,0.0,130.7,0.0,41.099999999999994,0.0,158.1,3.6,
Paciente189
16.0,0.0,121.3,0.0,12.600000000000001,0.0,132.7,0.0,
Paciente190
23.2,0.0,93.8,0.0,44.2,0.0,115.7,0.0,
Paciente191
3.4000000000000004,0.0,49.3,0.0,38.9,0.0,164.1,0.0,
Paciente192
13.7,0.0,134.3,0.0,39.1,0.0,276.5,0.0,
Paciente193
0.9,0.0,54.300000000000004,0.0,11.600000000000001,0.0,158.3,0.0,
Paciente194
0.0,0.0,0.0,0.0,33.7,0.0,231.89999999999998,23.700000000000003,
Paciente195
3.6,0.0,119.6,0.0,7.0,0.0,132.39999999999998,0.0,
Paciente196
166.0,16.9,209.5,24.0,9.899999999999999,0.0,46.0,0.0,
Paciente197
0.0,0.0,143.3,0.0,0.0,0.0,92.69999999999999,0.0,
Paciente198
35.4,0.0,65.3,0.0,131.4,0.0,234.70000000000002,0.0,
Paciente199
0.0,0.0,238.5,0.0,0.0,0.0,24.700000000000003,0.0,
Paciente200
0.0,0.0,0.0,0.0,8.1,0.0,239.7,8.600000000000001,
Paciente201
17.2,0.0,223.3,0.0,0.0,0.0,8.5,0.0,
Paciente202
4.4,0.0,87.2,0.0,42.2,0.0,206.39999999999998,0.0,
Paciente203
120.49999999999999,0.0,215.8,0.0,13.399999999999999,0.0,47.800000000000004,0.0,
Paciente204
4.6,0.0,74.4,2.4000000000000004,19.3,0.0,195.7,14.7,
Paciente205
45.400000000000006,0.0,33.5,0.0,168.6,0.0,117.3,0.0,
Paciente206
4.4,0.0,49.2,0.0,23.0,0.0,130.5,0.0,
Paciente207
0.0,0.0,78.2,0.0,0.0,0.0,128.59999999999997,0.0,
Paciente208
0.0,0.0,41.6,0.0,8.1,0.0,179.5,0.0,
Paciente209
9.5,0.0,81.4,0.0,28.5,0.0,128.8,0.0,
Paciente210
0.0,0.0,69.3,0.0,0.0,0.0,229.9,0.0,
Paciente211
1.8,0.0,4.9,0.0,90.7,0.0,157.49999999999997,0.0,
Paciente212
24.8,0.0,202.4,0.0,0.0,0.0,76.5,0.0,
Paciente213
0.9,0.0,34.5,0.0,29.1,0.0,164.7,0.0,
Paciente214
16.1,0.0,95.8,0.0,69.6,0.0,187.9,0.0,
Paciente215
0.0,0.0,56.2,0.0,9.3,0.0,261.79999999999995,0.0,
Paciente216
32.800000000000004,0.0,79.3,0.0,59.7,0.0,76.4,0.0,
Paciente217
1.0,0.0,32.9,0.0,42.0,0.0,178.4,0.0,
Paciente218
0.0,0.0,124.19999999999999,0.0,0.0,0.0,68.4,0.0,
Paciente219
0.0,0.0,118.30000000000001,0.0,0.0,0.0,68.0,0.0,
Paciente220
51.5,0.0,169.9,0.0,0.0,0.0,4.0,0.0,
Paciente221
0.0,0.0,333.5,0.0,0.0,0.0,0.0,0.0,
Paciente222
0.0,0.0,0.0,0.0,0.0,0.0,280.90000000000003,0.0,
Paciente223
20.400000000000002,0.0,265.0,7.5,0.0,0.0,0.0,0.0,
Paciente224
0.0,0.0,109.5,0.0,0.0,0.0,171.9,0.0,
Paciente225
13.7,0.0,49.599999999999994,0.0,70.1,0.0,207.29999999999998,0.0,
Paciente226
47.7,0.0,90.5,0.0,81.3,0.0,119.49999999999999,0.0,
Paciente227
10.9,0.0,23.5,0.0,92.1,7.2,152.7,14.7,
Paciente228
3.6,0.0,20.5,0.0,54.5,0.0,142.4,0.0,
Paciente229
0.0,0.0,4.6,0.0,49.300000000000004,0.0,150.4,0.0,
Paciente230
0.0,0.0,0.0,0.0,18.8,0.0,264.59999999999997,6.0,
Paciente231
0.0,0.0,90.5,0.0,0.0,0.0,151.39999999999998,0.0,
Paciente232
0.0,0.0,54.5,0.0,0.0,0.0,195.89999999999998,0.0,
Paciente233
0.0,0.0,145.4,0.0,0.0,0.0,84.3,0.0,
Paciente234
10.2,0.0,109.1,0.0,31.6,0.0,213.99999999999997,0.0,
Paciente235
7.300000000000001,0.0,87.3,0.0,18.9,0.0,187.99999999999997,0.0,
Paciente236
0.0,0.0,108.49999999999999,0.0,0.0,0.0,121.9,0.0,
Paciente237
14.0,0.0,109.5,0.0,31.4,0.0,132.2,0.0,
Paciente238
0.0,0.0,0.0,0.0,0.0,0.0,217.59999999999997,0.0,
Paciente239
6.2,0.0,164.6,2.4000000000000004,16.3,0.0,234.09999999999997,7.500000000000001,
Paciente240
0.0,0.0,0.0,0.0,113.99999999999999,4.2,192.79999999999998,9.700000000000001,
Paciente241
8.1,0.0,231.5,0.0,0.0,0.0,28.5,0.0,
Paciente242
1.8,0.0,57.5,0.0,9.0,0.0,136.20000000000002,0.0,
Paciente243
36.7,0.0,64.8,0.0,39.0,0.0,74.2,0.0,
Paciente244
3.6,0.0,107.70000000000002,0.0,0.9,0.0,104.99999999999999,0.0,
Paciente245
17.4,0.0,48.0,0.0,81.0,0.0,85.5,0.0,
Paciente246
54.599999999999994,0.0,155.79999999999998,0.0,10.4,0.0,46.599999999999994,0.0,
Paciente247
54.599999999999994,0.0,155.79999999999998,0.0,10.4,0.0,46.599999999999994,0.0,
Paciente248
35.9,0.0,105.4,4.9,14.8,0.0,82.8,3.6,
Paciente249
0.0,0.0,58.0,0.0,29.9,0.0,250.5,23.9,
Paciente250
26.1,0.0,82.8,0.0,33.300000000000004,0.0,114.19999999999999,0.0,
Paciente251
0.0,0.0,0.0,0.0,8.2,0.0,298.4,2.4000000000000004,
Paciente252
113.0,0.0,103.5,0.0,6.6,0.0,14.7,0.0,
Paciente253
113.69999999999999,0.0,110.4,0.0,10.6,0.0,13.8,0.0,
Paciente254
0.0,0.0,0.0,0.0,0.0,0.0,278.40000000000003,0.0,
Paciente255
0.0,0.0,0.0,0.0,24.1,0.0,204.70000000000002,0.0,
Paciente256
28.700000000000003,0.0,184.7,0.0,6.9,0.0,95.7,0.0,
Paciente257
28.700000000000003,0.0,184.7,0.0,6.9,0.0,95.7,0.0,
Paciente258
13.400000000000002,0.0,76.2,0.0,27.700000000000003,0.0,162.89999999999998,0.0,
Paciente259
68.30000000000001,0.0,85.69999999999999,0.0,0.0,0.0,0.0,0.0,
Paciente260
11.4,0.0,100.0,0.0,14.1,0.0,115.19999999999999,0.0,
Paciente261
32.9,3.9,79.0,9.4,18.4,0.8,107.9,0.8,
Paciente262
1.8,0.0,94.1,0.0,23.6,0.0,236.1,0.0,
Paciente263
0.0,0.0,0.0,0.0,45.6,0.0,258.79999999999995,0.0,
Paciente264
0.0,0.0,158.2,0.0,0.0,0.0,117.10000000000001,0.0,
Paciente265
0.0,0.0,172.0,0.0,0.0,0.0,149.2,0.0,
Paciente266
0.0,0.0,57.9,0.0,0.0,0.0,217.6,0.0,
Paciente267
17.4,0.0,194.39999999999998,0.9,8.9,0.0,151.7,0.9,
Paciente268
45.7,0.0,41.300000000000004,14.5,77.2,30.0,50.5,20.8,
Paciente269
9.5,0.0,194.60000000000002,0.0,0.0,0.0,16.4,0.0,
Paciente270
0.0,0.0,97.49999999999999,7.0,0.0,0.0,186.0,13.7,
Paciente271
14.200000000000001,0.0,55.00000000000001,0.0,50.4,0.0,119.49999999999999,0.0,
Paciente272
47.4,0.0,90.2,0.0,39.3,0.0,85.9,0.0,
Paciente273
60.4,0.0,153.0,0.0,35.400000000000006,0.0,110.4,0.0,
Paciente274
0.0,0.0,81.9,0.0,9.0,0.0,232.59999999999997,0.0,
Paciente275
6.9,0.0,11.0,0.0,118.39999999999999,21.0,179.99999999999997,16.2,
Paciente276
3.0,0.0,109.70000000000002,0.0,8.6,0.0,164.6,0.0,
Paciente277
0.0,0.0,145.7,0.0,0.0,0.0,101.6,0.0,
Paciente278
0.0,0.0,0.0,0.0,41.400000000000006,0.0,173.79999999999998,0.0,
Paciente279
4.800000000000001,0.0,74.3,0.0,35.099999999999994,0.0,147.1,0.0,
Paciente280
37.9,0.0,191.3,0.0,52.800000000000004,0.0,236.20000000000002,0.0,
Paciente281
32.0,0.0,187.4,0.0,0.0,0.0,1.8,0.0,
Paciente282
24.1,0.0,178.4,0.0,0.0,0.0,17.2,0.0,
Paciente283
22.5,0.0,52.199999999999996,0.0,56.2,0.0,107.1,0.0,
Paciente284
0.0,0.0,242.60000000000002,5.1000000000000005,0.0,0.0,1.2999999999999998,0.0,
Paciente285
19.299999999999997,0.0,63.599999999999994,0.0,36.800000000000004,0.0,129.0,0.0,
Paciente286
15.600000000000001,0.0,120.79999999999998,0.0,11.8,0.0,69.8,0.0,
Paciente287
14.9,0.0,110.30000000000001,0.0,39.800000000000004,0.0,105.8,0.0,
Paciente288
0.0,0.0,90.7,0.0,0.0,0.0,265.0,0.0,
Paciente289
0.0,0.0,150.29999999999998,0.0,0.0,0.0,264.7,0.0,
Paciente290
19.700000000000003,0.0,107.5,0.0,92.60000000000001,0.0,274.59999999999997,0.0,
Paciente291
34.1,0.0,86.4,0.0,104.3,0.0,130.9,0.0,
Paciente292
11.600000000000001,0.0,67.0,0.0,37.4,0.0,150.29999999999998,0.0,
Paciente293
25.3,0.0,117.7,18.4,2.5,0.0,67.7,0.9,
Paciente294
2.9,0.0,182.6,0.0,5.4,0.0,250.0,0.0,
Paciente295
121.6,0.0,207.2,0.0,0.0,0.0,25.0,0.0,
Paciente296
0.0,0.0,176.10000000000002,0.0,0.0,0.0,193.2,0.0,
Paciente297
0.0,0.0,178.20000000000002,4.800000000000001,0.0,0.0,0.0,0.0,
Paciente298
2.7,0.0,35.3,0.0,69.9,0.0,261.2,0.0,
Paciente299
1.8,0.0,6.9,0.0,72.0,0.0,170.0,0.0,
Paciente300
0.0,0.0,39.900000000000006,0.0,5.4,0.0,129.8,0.0,
Paciente301
16.9,0.0,141.9,0.0,61.699999999999996,0.0,316.09999999999997,0.0,
Paciente302
0.0,0.0,0.0,0.0,0.0,0.0,278.7,0.0,
Paciente303
0.0,0.0,0.0,0.0,0.0,0.0,248.5,0.0,
Paciente304
102.69999999999999,0.0,201.0,0.0,4.3,0.0,70.9,0.0,
Paciente305
17.6,0.0,88.30000000000001,0.0,15.5,0.0,129.5,0.0,
Paciente306
15.200000000000001,0.0,177.6,0.0,14.299999999999999,0.0,118.19999999999999,0.0,
Paciente307
22.8,0.0,139.10000000000002,0.0,111.5,0.0,306.20000000000005,0.0,
Paciente308
0.0,0.0,65.4,0.0,0.0,0.0,142.29999999999998,0.0,
Paciente309
0.0,0.0,65.4,0.0,0.0,0.0,142.29999999999998,0.0,
Paciente310
81.6,0.0,111.1,0.0,38.3,0.0,42.900000000000006,0.0,
Paciente311
9.200000000000001,0.0,204.1,0.0,0.0,0.0,90.3,0.0,
Paciente312
0.0,0.0,0.0,0.0,0.0,0.0,407.7,0.0,
Paciente313
29.8,0.0,138.2,0.0,74.6,0.0,211.89999999999998,0.0,
Paciente314
0.0,0.0,90.9,79.8,0.0,0.0,151.3,148.79999999999998,
Paciente315
0.0,0.0,34.0,0.0,22.900000000000002,0.0,233.6,0.0,
Paciente316
29.5,0.0,126.70000000000002,0.0,54.900000000000006,0.0,189.79999999999998,0.0,
Paciente317
10.0,0.0,104.7,0.0,22.3,0.0,200.8,0.0,
Paciente318
41.400000000000006,0.0,136.39999999999998,0.0,44.5,0.0,151.8,0.0,
Paciente319
52.400000000000006,0.0,123.4,0.0,9.3,0.0,49.4,0.0,
Paciente320
17.1,0.0,149.9,6.4,20.5,0.0,143.1,9.4,
Paciente321
0.0,0.0,107.2,0.0,0.0,0.0,177.4,0.0,
Paciente322
20.3,0.0,105.7,0.0,36.8,0.0,151.4,0.0,
Paciente323
11.9,0.0,63.7,0.0,83.4,0.0,221.3,0.0,
Paciente324
140.5,0.0,83.3,0.0,97.79999999999998,0.0,51.099999999999994,0.0,
Paciente325
0.0,0.0,0.0,0.0,48.0,0.0,152.6,0.0,
Paciente326
0.0,0.0,46.8,0.0,0.0,0.0,182.2,0.0,
Paciente327
9.0,0.0,72.0,0.0,64.8,0.0,242.7,0.0,
Paciente328
1.8,0.0,19.8,0.0,123.8,0.0,261.59999999999997,0.0,
Paciente329
0.0,0.0,14.9,0.0,0.0,0.0,363.5,0.0,
Paciente330
25.4,0.0,217.5,0.0,12.7,0.0,151.6,0.0,
Paciente331
70.8,0.0,107.7,0.0,87.0,0.0,117.9,0.0,
Paciente332
0.0,0.0,34.300000000000004,0.0,76.9,0.0,333.5,8.9,
Paciente333
0.0,0.0,62.900000000000006,0.0,0.0,0.0,282.3,0.0,
Paciente334
0.0,0.0,153.6,0.0,0.0,0.0,120.50000000000001,0.0,
Paciente335
19.200000000000003,0.0,184.10000000000002,2.4000000000000004,37.50000000000001,0.0,236.49999999999994,9.200000000000001,
Paciente336
25.2,0.0,88.89999999999999,0.0,40.4,0.0,166.0,0.0,
Paciente337
0.0,0.0,131.5,0.0,0.0,0.0,231.99999999999997,0.0,
Paciente338
0.0,0.0,131.5,0.0,0.0,0.0,231.99999999999997,0.0,
Paciente339
22.1,0.0,73.60000000000001,0.0,84.0,0.0,239.0,0.0,
Paciente340
0.0,0.0,49.8,0.0,3.2,0.0,203.29999999999998,0.0,
Paciente341
22.9,0.0,84.69999999999999,0.0,36.199999999999996,0.0,140.0,0.0,
Paciente342
0.9,0.0,46.4,0.0,39.8,0.0,237.9,0.0,
Paciente343
156.6,0.0,238.40000000000003,0.0,0.0,0.0,0.0,0.0,
Paciente344
0.0,0.0,0.0,0.0,74.3,0.0,297.79999999999995,0.0,
Paciente345
0.0,0.0,96.89999999999999,0.0,0.0,0.0,176.5,0.0,
Paciente346
0.0,0.0,89.6,0.0,0.0,0.0,155.7,0.0,
Paciente347
0.0,0.0,71.3,0.0,0.0,0.0,98.69999999999999,0.0,
Paciente348
43.0,0.0,192.1,0.0,37.3,0.0,183.59999999999997,0.0,
Paciente349
22.4,0.0,163.9,0.0,18.2,0.0,138.20000000000002,0.0,
Paciente350
0.0,0.0,1.4,0.0,0.0,0.0,164.20000000000002,0.0,
Paciente351
8.1,0.0,70.5,0.0,102.4,0.9,312.40000000000003,38.6,
Paciente352
22.2,0.0,185.9,0.0,7.800000000000001,0.0,140.39999999999998,0.0,
Paciente353
7.800000000000001,0.0,26.4,0.0,75.9,0.0,168.6,0.0,
Paciente354
74.10000000000001,0.0,133.7,0.0,87.1,0.0,146.29999999999998,0.0,
Paciente355
0.0,0.0,0.0,0.0,0.0,0.0,414.09999999999997,0.0,
Paciente356
0.0,0.0,0.0,0.0,26.0,0.0,215.8,0.0,
Paciente357
3.6,0.0,209.4,0.0,0.0,0.0,95.5,0.0,
Paciente358
14.099999999999998,0.0,47.599999999999994,0.0,50.6,0.0,92.1,0.0,
Paciente359
33.400000000000006,0.0,78.5,0.0,99.4,0.0,182.39999999999998,0.0,
Paciente360
29.800000000000004,0.0,152.1,0.0,13.1,0.0,105.6,0.0,
Paciente361
12.1,0.0,91.5,2.6,60.2,1.8,166.79999999999998,26.5,
Paciente362
0.0,0.0,18.0,0.0,47.900000000000006,0.0,202.4,0.0,
Paciente363
0.0,0.0,0.0,0.0,192.29999999999998,0.0,317.9,6.3,
Paciente364
1.8,0.0,13.700000000000001,0.0,168.79999999999998,0.0,223.6,0.0,
Paciente365
13.9,0.0,215.0,17.3,4.5,0.0,183.1,18.400000000000002,
Paciente366
39.6,0.0,183.1,0.0,13.0,0.0,110.0,0.0,
Paciente367
12.399999999999999,0.0,112.80000000000001,0.0,2.7,0.0,87.4,0.0,
Paciente368
14.2,0.0,96.4,0.0,66.30000000000001,0.0,204.5,0.0,
Paciente369
59.900000000000006,0.0,204.99999999999997,0.0,3.3,0.0,111.6,0.0,
Paciente370
51.5,0.0,123.89999999999999,0.0,4.3,0.0,64.1,0.0,
Paciente371
0.0,0.0,33.099999999999994,0.0,0.0,0.0,260.20000000000005,0.0,
Paciente372
27.9,0.0,73.8,0.0,51.5,0.0,109.79999999999998,0.0,
Paciente373
0.0,0.0,0.0,0.0,0.0,0.0,229.8,0.0,
Paciente374
0.0,0.0,0.0,0.0,13.0,0.0,462.49999999999994,0.0,
Paciente375
0.0,0.0,0.0,0.0,6.3,0.0,362.40000000000003,0.0,
Paciente376
35.2,0.0,133.4,0.0,47.2,0.0,169.6,0.0,
Paciente377
0.0,0.0,82.1,0.0,0.0,0.0,225.39999999999998,12.8,
Paciente378
0.0,0.0,0.0,0.0,4.5,0.0,179.9,0.0,
Paciente379
44.5,0.0,107.89999999999999,0.0,22.5,0.0,89.79999999999998,0.0,
Paciente380
37.5,0.0,133.5,0.0,40.4,0.0,155.20000000000002,0.0,
Paciente381
33.9,0.0,74.6,0.0,53.49999999999999,0.0,95.0,0.0,
Paciente382
0.0,0.0,57.599999999999994,0.0,0.0,0.0,221.2,0.0,
Paciente383
24.300000000000004,0.0,227.49999999999997,0.0,0.0,0.0,8.5,0.0,
Paciente384
1.8,0.0,50.0,0.0,60.5,0.0,261.2,0.0,
Paciente385
0.0,0.0,101.89999999999999,35.2,0.0,0.0,141.1,52.8,
Paciente386
0.0,0.0,11.200000000000001,0.0,40.9,0.0,199.50000000000003,0.0,
Paciente387
8.7,0.0,32.9,0.0,31.0,0.0,127.39999999999999,0.0,
Paciente388
8.7,0.0,32.9,0.0,31.0,0.0,127.39999999999999,0.0,
Paciente389
7.800000000000001,0.0,123.80000000000001,0.0,30.8,0.0,237.39999999999998,0.0,
Paciente390
5.0,0.0,66.3,0.0,71.69999999999999,0.0,283.4,0.0,
Paciente391
0.0,0.0,49.9,0.0,0.0,0.0,328.2,0.0,
Paciente392
0.0,0.0,116.19999999999999,0.0,0.9,0.0,361.6,12.8,
Paciente393
0.0,0.0,127.3,0.0,0.0,0.0,182.39999999999998,0.0,
Paciente394
0.0,0.0,127.3,0.0,0.0,0.0,182.39999999999998,0.0,
Paciente395
0.0,0.0,0.0,0.0,102.99999999999997,0.0,173.89999999999998,0.0,
Paciente396
3.1999999999999997,0.0,24.8,0.0,40.3,0.0,151.4,0.0,
Paciente397
0.0,0.0,133.29999999999998,0.0,0.0,0.0,239.9,0.0,
Paciente398
27.299999999999997,0.0,93.0,0.0,37.9,0.0,109.7,0.0,
Paciente399
6.7,0.0,54.800000000000004,0.0,54.7,0.0,239.0,0.0,
Paciente400
37.7,0.0,143.6,0.0,45.900000000000006,0.0,161.6,0.0,
